timestamp[s] acc_x[f] acc_y[f] acc_z[f] azimuth[f] pitch[f] roll[f] heart_rate[f] is_heart_rate_valid[i] step_count[i]
16-03-30T22:50:25.000 0.000000 0.000000 0.000000 0.000000 0.000000 0.000000 -1.000000 0 0
16-03-30T22:50:30.000 0.000000 0.000000 0.000000 0.000000 0.000000 0.000000 -1.000000 0 0
16-03-30T22:50:35.000 0.000000 0.000000 0.000000 0.000000 0.000000 0.000000 -1.000000 0 0
16-03-30T22:50:40.000 0.000000 0.000000 0.000000 0.000000 0.000000 0.000000 -1.000000 0 0
16-03-30T22:50:45.000 0.000000 0.000000 0.000000 0.000000 0.000000 0.000000 -1.000000 0 0
16-03-30T22:50:50.000 0.000000 0.000000 0.000000 0.000000 0.000000 0.000000 -1.000000 0 0
16-03-30T22:50:55.000 0.000000 0.000000 0.000000 0.000000 0.000000 0.000000 -1.000000 0 0
16-03-30T22:51:00.000 0.000000 0.000000 0.000000 0.000000 0.000000 0.000000 -1.000000 0 0
16-03-30T22:51:05.000 0.000000 0.000000 0.000000 0.000000 0.000000 0.000000 -1.000000 0 0
