timestamp[s] acc_x[f] acc_y[f] acc_z[f] azimuth[f] pitch[f] roll[f] heart_rate[f] is_heart_rate_valid[i] step_count[i]
16-03-30T18:39:34.000 0.000000 0.000000 0.000000 0.000000 0.000000 0.000000 -1.000000 0 0
16-03-30T18:39:39.000 0.000000 0.000000 0.000000 0.000000 0.000000 0.000000 -1.000000 0 0
16-03-30T18:39:44.000 0.000000 0.000000 0.000000 0.000000 0.000000 0.000000 -1.000000 0 0
16-03-30T18:39:49.000 0.000000 0.000000 0.000000 0.000000 0.000000 0.000000 -1.000000 0 0
16-03-30T18:39:54.000 0.000000 0.000000 0.000000 0.000000 0.000000 0.000000 -1.000000 0 0
16-03-30T18:39:59.000 0.000000 0.000000 0.000000 0.000000 0.000000 0.000000 -1.000000 0 0
16-03-30T18:40:04.000 0.000000 0.000000 0.000000 0.000000 0.000000 0.000000 -1.000000 0 0
16-03-30T18:40:09.000 0.000000 0.000000 0.000000 0.000000 0.000000 0.000000 -1.000000 0 0
16-03-30T18:40:14.000 0.000000 0.000000 0.000000 0.000000 0.000000 0.000000 -1.000000 0 0
