timestamp[s] acc_x[f] acc_y[f] acc_z[f] azimuth[f] pitch[f] roll[f] heart_rate[f] is_heart_rate_valid[i] step_count[i]
16-03-30T20:37:10.000 0.000000 0.000000 0.000000 0.000000 0.000000 0.000000 -1.000000 0 0
16-03-30T20:37:15.000 0.000000 0.000000 0.000000 0.000000 0.000000 0.000000 -1.000000 0 0
16-03-30T20:37:20.000 0.000000 0.000000 0.000000 0.000000 0.000000 0.000000 -1.000000 0 0
16-03-30T20:37:25.000 0.000000 0.000000 0.000000 0.000000 0.000000 0.000000 -1.000000 0 0
16-03-30T20:37:30.000 0.000000 0.000000 0.000000 0.000000 0.000000 0.000000 -1.000000 0 0
16-03-30T20:37:35.000 0.000000 0.000000 0.000000 0.000000 0.000000 0.000000 -1.000000 0 0
16-03-30T20:37:40.000 0.000000 0.000000 0.000000 0.000000 0.000000 0.000000 -1.000000 0 0
16-03-30T20:37:44.000 0.000000 0.000000 0.000000 0.000000 0.000000 0.000000 -1.000000 0 0
16-03-30T20:37:49.000 0.000000 0.000000 0.000000 0.000000 0.000000 0.000000 -1.000000 0 0
