timestamp[s] acc_x[f] acc_y[f] acc_z[f] azimuth[f] pitch[f] roll[f] heart_rate[f] is_heart_rate_valid[i] step_count[i]
16-03-30T23:03:19.000 0.000000 0.000000 0.000000 0.000000 0.000000 0.000000 -1.000000 0 0
16-03-30T23:03:24.000 0.000000 0.000000 0.000000 0.000000 0.000000 0.000000 -1.000000 0 0
16-03-30T23:03:29.000 0.000000 0.000000 0.000000 0.000000 0.000000 0.000000 -1.000000 0 0
16-03-30T23:03:34.000 0.000000 0.000000 0.000000 0.000000 0.000000 0.000000 -1.000000 0 0
16-03-30T23:03:39.000 0.000000 0.000000 0.000000 0.000000 0.000000 0.000000 -1.000000 0 0
16-03-30T23:03:44.000 0.000000 0.000000 0.000000 0.000000 0.000000 0.000000 -1.000000 0 0
16-03-30T23:03:49.000 0.000000 0.000000 0.000000 0.000000 0.000000 0.000000 -1.000000 0 0
16-03-30T23:03:54.000 0.000000 0.000000 0.000000 0.000000 0.000000 0.000000 -1.000000 0 0
16-03-30T23:03:59.000 0.000000 0.000000 0.000000 0.000000 0.000000 0.000000 -1.000000 0 0
