timestamp[s] acc_x[f] acc_y[f] acc_z[f] azimuth[f] pitch[f] roll[f] heart_rate[f] is_heart_rate_valid[i] step_count[i]
16-03-30T23:07:04.000 0.000000 0.000000 0.000000 0.000000 0.000000 0.000000 -1.000000 0 0
16-03-30T23:07:09.000 0.000000 0.000000 0.000000 0.000000 0.000000 0.000000 -1.000000 0 0
16-03-30T23:07:15.000 0.000000 0.000000 0.000000 0.000000 0.000000 0.000000 -1.000000 0 0
16-03-30T23:07:19.000 0.000000 0.000000 0.000000 0.000000 0.000000 0.000000 -1.000000 0 0
16-03-30T23:07:24.000 0.000000 0.000000 0.000000 0.000000 0.000000 0.000000 -1.000000 0 0
16-03-30T23:07:29.000 0.000000 0.000000 0.000000 0.000000 0.000000 0.000000 -1.000000 0 0
16-03-30T23:07:34.000 0.000000 0.000000 0.000000 0.000000 0.000000 0.000000 -1.000000 0 0
16-03-30T23:07:39.000 0.000000 0.000000 0.000000 0.000000 0.000000 0.000000 -1.000000 0 0
16-03-30T23:07:44.000 0.000000 0.000000 0.000000 0.000000 0.000000 0.000000 -1.000000 0 0
16-03-30T23:07:49.000 0.000000 0.000000 0.000000 0.000000 0.000000 0.000000 -1.000000 0 0
16-03-30T23:07:55.000 0.000000 0.000000 0.000000 0.000000 0.000000 0.000000 -1.000000 0 0
16-03-30T23:07:59.000 0.000000 0.000000 0.000000 0.000000 0.000000 0.000000 -1.000000 0 0
16-03-30T23:08:04.000 0.000000 0.000000 0.000000 0.000000 0.000000 0.000000 -1.000000 0 0
16-03-30T23:08:09.000 0.000000 0.000000 0.000000 0.000000 0.000000 0.000000 -1.000000 0 0
16-03-30T23:08:14.000 0.000000 0.000000 0.000000 0.000000 0.000000 0.000000 -1.000000 0 0
16-03-30T23:08:19.000 0.000000 0.000000 0.000000 0.000000 0.000000 0.000000 -1.000000 0 0
16-03-30T23:08:24.000 0.000000 0.000000 0.000000 0.000000 0.000000 0.000000 -1.000000 0 0
16-03-30T23:08:29.000 0.000000 0.000000 0.000000 0.000000 0.000000 0.000000 -1.000000 0 0
16-03-30T23:08:34.000 0.000000 0.000000 0.000000 0.000000 0.000000 0.000000 -1.000000 0 0
16-03-30T23:08:37.000 0.000000 0.000000 0.000000 0.000000 0.000000 0.000000 -1.000000 0 9
16-03-30T23:08:39.000 0.000000 0.000000 0.000000 0.000000 0.000000 0.000000 -1.000000 0 9
16-03-30T23:08:42.000 0.000000 0.000000 0.000000 -2.789960 0.004302 0.039118 -1.000000 0 9
16-03-30T23:08:44.000 -0.368729 -0.074524 10.010620 -2.789960 0.004302 0.039118 -1.000000 0 9
16-03-30T23:08:47.000 -0.309097 -0.073746 10.204407 -2.776804 0.007223 0.030281 -1.000000 0 9
16-03-30T23:08:49.000 -0.356171 -0.086288 10.006699 -2.776804 0.007223 0.030281 -1.000000 0 9
16-03-30T23:08:52.000 -0.404022 -0.086288 10.002777 -2.794382 0.008619 0.040369 -1.000000 0 9
16-03-30T23:08:54.000 -0.368729 -0.105118 10.023956 -2.794382 0.008619 0.040369 -1.000000 0 9
16-03-30T23:08:57.000 -0.384415 -0.090210 10.026306 -2.791197 0.008990 0.038322 -1.000000 0 9
16-03-30T23:08:59.000 -0.384415 -0.090210 10.026306 -2.791197 0.008990 0.038322 -1.000000 0 9
16-03-30T23:09:02.000 -0.368729 -0.074524 10.026321 -2.785632 0.006255 0.035978 -1.000000 0 9
16-03-30T23:09:04.000 -0.368729 -0.074524 10.026321 -2.785632 0.006255 0.035978 -1.000000 0 9
16-03-30T23:09:07.000 -0.344406 -0.097275 10.048279 -2.787595 0.008978 0.036156 -1.000000 0 9
16-03-30T23:09:09.000 -0.309891 -0.082367 10.026321 -2.787595 0.008978 0.036156 -1.000000 0 9
16-03-30T23:09:12.000 -0.359314 -0.088638 10.048279 -2.792074 0.010899 0.038158 -1.000000 0 9
16-03-30T23:09:14.000 -0.337341 -0.082367 10.026321 -2.792074 0.010899 0.038158 -1.000000 0 9
16-03-30T23:09:17.000 -0.381271 -0.073746 10.060837 -2.788087 0.007039 0.037165 -1.000000 0 9
16-03-30T23:09:19.000 -0.309891 -0.101990 10.085159 -2.788087 0.007039 0.037165 -1.000000 0 9
16-03-30T23:09:22.000 -0.309891 -0.101990 10.085159 -2.783436 0.010965 0.032903 -1.000000 0 9
16-03-30T23:09:24.000 -0.313797 -0.086288 10.057694 -2.783436 0.010965 0.032903 -1.000000 0 9
16-03-30T23:09:27.000 -0.313797 -0.086288 10.057694 -2.783035 0.005826 0.034575 -1.000000 0 9
16-03-30T23:09:29.000 -0.353027 -0.094131 10.034164 -2.783035 0.005826 0.034575 -1.000000 0 9
16-03-30T23:09:32.000 -0.353027 -0.094131 10.034164 -2.780285 0.006239 0.032762 -1.000000 0 9
16-03-30T23:09:34.000 -0.329498 -0.094147 10.042007 -2.780285 0.006239 0.032762 -1.000000 0 9
16-03-30T23:09:37.000 -0.329498 -0.094147 10.042007 -2.786580 0.008178 0.035838 -1.000000 0 9
16-03-30T23:09:39.000 -0.356949 -0.068253 10.060837 -2.786580 0.008178 0.035838 -1.000000 0 9
16-03-30T23:09:42.000 -0.360092 -0.085510 10.049057 -2.782878 0.006067 0.034391 -1.000000 0 9
16-03-30T23:09:44.000 -0.360092 -0.085510 10.049057 -2.782878 0.006067 0.034391 -1.000000 0 9
16-03-30T23:09:47.000 -0.384415 -0.090225 10.030243 -2.783215 0.003890 0.035406 -1.000000 0 9
16-03-30T23:09:49.000 -0.384415 -0.090225 10.030243 -2.783215 0.003890 0.035406 -1.000000 0 9
16-03-30T23:09:52.000 -0.380493 -0.086304 10.057694 -2.777356 0.007793 0.030400 -1.000000 0 9
16-03-30T23:09:54.000 -0.340485 -0.080795 10.051422 -2.777356 0.007793 0.030400 -1.000000 0 9
16-03-30T23:09:57.000 -0.340485 -0.080795 10.051422 -2.784202 0.012149 0.032929 -1.000000 0 9
16-03-30T23:09:59.000 -0.345184 -0.086304 10.022385 -2.784202 0.012149 0.032929 -1.000000 0 9
16-03-30T23:10:02.000 -0.345184 -0.086304 10.022385 -2.796975 0.010953 0.041089 -1.000000 0 9
16-03-30T23:10:04.000 -0.341263 -0.074524 9.998856 -2.796975 0.010953 0.041089 -1.000000 0 9
16-03-30T23:10:07.000 -0.341263 -0.074524 9.998856 -2.779883 0.007429 0.032070 -1.000000 0 9
16-03-30T23:10:09.000 -0.376572 -0.086288 10.069458 -2.779883 0.007429 0.032070 -1.000000 0 9
16-03-30T23:10:12.000 -0.376572 -0.086288 10.069458 -2.790172 0.007053 0.038412 -1.000000 0 9
16-03-30T23:10:14.000 -0.345184 -0.117676 9.979248 -2.790172 0.007053 0.038412 -1.000000 0 9
16-03-30T23:10:17.000 -0.349106 -0.094147 10.038086 -2.785532 0.009373 0.034764 -1.000000 0 9
16-03-30T23:10:19.000 -0.353027 -0.099625 10.037292 -2.785532 0.009373 0.034764 -1.000000 0 9
16-03-30T23:10:22.000 -0.400101 -0.090225 10.045929 -2.793657 0.008974 0.039806 -1.000000 0 9
16-03-30T23:10:24.000 -0.372650 -0.062759 10.030228 -2.793657 0.008974 0.039806 -1.000000 0 9
16-03-30T23:10:27.000 -0.372650 -0.062759 10.030228 -2.787225 0.008178 0.036227 -1.000000 0 9
16-03-30T23:10:29.000 -0.341263 -0.074524 10.026306 -2.787225 0.008178 0.036227 -1.000000 0 9
16-03-30T23:10:32.000 -0.341263 -0.074524 10.026306 -2.783500 0.008645 0.033805 -1.000000 0 9
16-03-30T23:10:35.000 -0.353027 -0.094147 10.034164 -2.783500 0.008645 0.033805 -1.000000 0 9
16-03-30T23:10:37.000 -0.353027 -0.094147 10.034164 -2.794835 0.008596 0.040649 -1.000000 0 9
16-03-30T23:10:40.000 -0.376572 -0.094147 10.026321 -2.794835 0.008596 0.040649 -1.000000 0 9
16-03-30T23:10:42.000 -0.358520 -0.093353 10.027878 -2.789330 0.008631 0.037329 -1.000000 0 9
16-03-30T23:10:45.000 -0.358520 -0.093353 10.027878 -2.789330 0.008631 0.037329 -1.000000 0 9
16-03-30T23:10:47.000 -0.353027 -0.101990 10.049850 -2.789335 0.007034 0.037916 -1.000000 0 9
16-03-30T23:10:50.000 -0.353027 -0.101990 10.049850 -2.789335 0.007034 0.037916 -1.000000 0 9
16-03-30T23:10:52.000 -0.392258 -0.090210 10.018463 -2.792551 0.008997 0.039133 -1.000000 0 9
16-03-30T23:10:55.000 -0.360886 -0.050995 10.093002 -2.792551 0.008997 0.039133 -1.000000 0 9
16-03-30T23:10:57.000 -0.350678 -0.070602 10.056122 -2.790026 0.012846 0.036212 -1.000000 0 9
16-03-30T23:11:00.000 -0.350678 -0.070602 10.056122 -2.790026 0.012846 0.036212 -1.000000 0 9
16-03-30T23:11:02.000 -0.364807 -0.064331 10.028671 -2.790175 0.005458 0.038996 -1.000000 0 9
16-03-30T23:11:05.000 -0.364807 -0.064331 10.028671 -2.790175 0.005458 0.038996 -1.000000 0 9
16-03-30T23:11:07.000 -0.372650 -0.082367 10.049850 -2.788366 0.008600 0.036760 -1.000000 0 9
16-03-30T23:11:10.000 -0.372650 -0.082367 10.049850 -2.788366 0.008600 0.036760 -1.000000 0 9
16-03-30T23:11:12.000 -0.368729 -0.082367 10.096924 -2.787200 0.008174 0.036213 -1.000000 0 9
16-03-30T23:11:15.000 -0.368729 -0.082367 10.096924 -2.787200 0.008174 0.036213 -1.000000 0 9
16-03-30T23:11:17.000 -0.325577 -0.090210 9.971390 -2.787939 0.012124 0.035209 -1.000000 0 9
16-03-30T23:11:20.000 -0.325577 -0.090210 9.971390 -2.787939 0.012124 0.035209 -1.000000 0 9
16-03-30T23:11:22.000 -0.407959 -0.066681 10.057694 -2.788357 0.007797 0.037049 -1.000000 0 9
16-03-30T23:11:25.000 -0.407959 -0.066681 10.057694 -2.788357 0.007797 0.037049 -1.000000 0 9
16-03-30T23:11:27.000 -0.364807 -0.070602 10.014542 -2.786838 0.007045 0.036412 -1.000000 0 9
16-03-30T23:11:30.000 -0.375000 -0.088654 10.067108 -2.786838 0.007045 0.036412 -1.000000 0 9
16-03-30T23:11:32.000 -0.367157 -0.085510 10.016892 -2.788144 0.008251 0.036754 -1.000000 0 9
16-03-30T23:11:35.000 -0.329498 -0.050995 10.045929 -2.788144 0.008251 0.036754 -1.000000 0 9
16-03-30T23:11:37.000 -0.356949 -0.137283 10.073380 -2.789186 0.013619 0.035420 -1.000000 0 9
16-03-30T23:11:40.000 -0.385986 -0.095703 10.045136 -2.789186 0.013619 0.035420 -1.000000 0 9
16-03-30T23:11:42.000 -0.385986 -0.095703 10.045136 -2.787869 0.012457 0.035045 -1.000000 0 9
16-03-30T23:11:45.000 -0.376572 -0.109833 10.002777 -2.787869 0.012457 0.035045 -1.000000 0 9
16-03-30T23:11:47.000 -0.376572 -0.109833 10.002777 -2.784983 0.007419 0.035156 -1.000000 0 9
16-03-30T23:11:50.000 -0.380493 -0.098053 10.053772 -2.784983 0.007419 0.035156 -1.000000 0 9
16-03-30T23:11:52.000 -0.380493 -0.098053 10.053772 -2.788255 0.005830 0.037710 -1.000000 0 9
16-03-30T23:11:55.000 -0.364807 -0.101990 10.049850 -2.788255 0.005830 0.037710 -1.000000 0 9
16-03-30T23:11:57.000 -0.372650 -0.043152 10.073380 -2.786077 0.004281 0.036977 -1.000000 0 9
16-03-30T23:12:00.000 -0.372650 -0.043152 10.073380 -2.786077 0.004281 0.036977 -1.000000 0 9
16-03-30T23:12:02.000 -0.364807 -0.066681 10.057694 -2.786321 0.006625 0.036256 -1.000000 0 9
16-03-30T23:12:05.000 -0.351471 -0.089432 10.056122 -2.786321 0.006625 0.036256 -1.000000 0 9
16-03-30T23:12:07.000 -0.380493 -0.047073 10.042007 -2.781944 0.007804 0.033177 -1.000000 0 9
16-03-30T23:12:10.000 -0.380493 -0.047073 10.042007 -2.781944 0.007804 0.033177 -1.000000 0 9
16-03-30T23:12:12.000 -0.363235 -0.095703 10.042786 -2.786409 0.007886 0.035843 -1.000000 0 9
16-03-30T23:12:15.000 -0.363235 -0.095703 10.042786 -2.786409 0.007886 0.035843 -1.000000 0 9
16-03-30T23:12:17.000 -0.376572 -0.058838 10.042007 -2.786348 0.008590 0.035546 -1.000000 0 9
16-03-30T23:12:20.000 -0.376572 -0.058838 10.042007 -2.786348 0.008590 0.035546 -1.000000 0 9
16-03-30T23:12:22.000 -0.353821 -0.075317 10.044357 -2.786429 0.007015 0.036177 -1.000000 0 9
16-03-30T23:12:25.000 -0.353821 -0.075317 10.044357 -2.786429 0.007015 0.036177 -1.000000 0 9
16-03-30T23:12:27.000 -0.349106 -0.090225 10.065536 -2.785122 0.008958 0.034669 -1.000000 0 9
16-03-30T23:12:30.000 -0.349106 -0.090225 10.065536 -2.785122 0.008958 0.034669 -1.000000 0 9
16-03-30T23:12:32.000 -0.363235 -0.073746 10.025528 -2.784991 0.007644 0.035077 -1.000000 0 9
16-03-30T23:12:35.000 -0.353043 -0.074524 10.081238 -2.784991 0.007644 0.035077 -1.000000 0 9
16-03-30T23:12:37.000 -0.341263 -0.074524 10.065536 -2.782875 0.007399 0.033891 -1.000000 0 9
16-03-30T23:12:40.000 -0.364807 -0.074524 9.987091 -2.782875 0.007399 0.033891 -1.000000 0 9
16-03-30T23:12:42.000 -0.401672 -0.095703 10.063965 -2.784619 0.008175 0.034656 -1.000000 0 9
16-03-30T23:12:45.000 -0.392258 -0.066681 10.038086 -2.784619 0.008175 0.034656 -1.000000 0 9
16-03-30T23:12:47.000 -0.392258 -0.066681 10.038086 -2.786441 0.009767 0.035168 -1.000000 0 9
16-03-30T23:12:50.000 -0.347534 -0.088654 10.005920 -2.786441 0.009767 0.035168 -1.000000 0 9
16-03-30T23:12:52.000 -0.347534 -0.088654 10.005920 -2.786747 0.009362 0.035503 -1.000000 0 9
16-03-30T23:12:55.000 -0.372650 -0.088654 10.016113 -2.786747 0.009362 0.035503 -1.000000 0 9
16-03-30T23:12:57.000 -0.372650 -0.088654 10.016113 -2.790268 0.006262 0.038758 -1.000000 0 9
16-03-30T23:13:00.000 -0.354599 -0.080017 10.022385 -2.790268 0.006262 0.038758 -1.000000 0 9
16-03-30T23:13:02.000 -0.354599 -0.080017 10.022385 -2.777684 0.005076 0.031630 -1.000000 0 9
16-03-30T23:13:05.000 -0.388336 -0.070602 10.045929 -2.777684 0.005076 0.031630 -1.000000 0 9
16-03-30T23:13:07.000 -0.366364 -0.065887 10.013763 -2.790135 0.009740 0.037409 -1.000000 0 9
16-03-30T23:13:10.000 -0.366364 -0.065887 10.013763 -2.790135 0.009740 0.037409 -1.000000 0 9
16-03-30T23:13:12.000 -0.364014 -0.079239 10.019257 -2.785424 0.006408 0.035797 -1.000000 0 9
16-03-30T23:13:15.000 -0.364014 -0.079239 10.019257 -2.785424 0.006408 0.035797 -1.000000 0 9
16-03-30T23:13:17.000 -0.419724 -0.078445 10.061615 -2.792277 0.010576 0.038397 -1.000000 0 9
16-03-30T23:13:20.000 -0.356949 -0.091003 10.058472 -2.792277 0.010576 0.038397 -1.000000 0 9
16-03-30T23:13:22.000 -0.356949 -0.091003 10.058472 -2.791643 0.008164 0.038890 -1.000000 0 9
16-03-30T23:13:25.000 -0.361664 -0.076874 10.051422 -2.791643 0.008164 0.038890 -1.000000 0 9
16-03-30T23:13:27.000 -0.361664 -0.076874 10.051422 -2.783478 0.003492 0.035713 -1.000000 0 9
16-03-30T23:13:30.000 -0.377350 -0.088638 10.034943 -2.783478 0.003492 0.035713 -1.000000 0 9
16-03-30T23:13:32.000 -0.341263 -0.066681 10.045929 -2.782510 0.006634 0.033957 -1.000000 0 9
16-03-30T23:13:35.000 -0.364807 -0.083939 10.025528 -2.782510 0.006634 0.033957 -1.000000 0 9
16-03-30T23:13:37.000 -0.381271 -0.093353 10.028671 -2.786765 0.008650 0.035776 -1.000000 0 9
16-03-30T23:13:40.000 -0.381271 -0.093353 10.028671 -2.786765 0.008650 0.035776 -1.000000 0 9
16-03-30T23:13:42.000 -0.400101 -0.105911 10.022385 -2.791706 0.007809 0.039057 -1.000000 0 9
16-03-30T23:13:45.000 -0.372650 -0.092575 10.011414 -2.791706 0.007809 0.039057 -1.000000 0 9
16-03-30T23:13:47.000 -0.372650 -0.092575 10.011414 -2.785208 0.011401 0.033818 -1.000000 0 9
16-03-30T23:13:50.000 -0.377350 -0.082367 10.025528 -2.785208 0.011401 0.033818 -1.000000 0 9
16-03-30T23:13:52.000 -0.377350 -0.082367 10.025528 -2.790839 0.010908 0.037409 -1.000000 0 9
16-03-30T23:13:55.000 -0.358520 -0.100418 10.016113 -2.790839 0.010908 0.037409 -1.000000 0 9
16-03-30T23:13:57.000 -0.358520 -0.100418 10.016113 -2.789705 0.007803 0.037857 -1.000000 0 9
16-03-30T23:14:00.000 -0.392258 -0.074524 10.034164 -2.789705 0.007803 0.037857 -1.000000 0 9
16-03-30T23:14:02.000 -0.360886 -0.098068 9.994934 -2.787991 0.009805 0.036091 -1.000000 0 9
16-03-30T23:14:05.000 -0.370285 -0.061966 10.031799 -2.787991 0.009805 0.036091 -1.000000 0 9
16-03-30T23:14:07.000 -0.370285 -0.061966 10.031799 -2.789286 0.005068 0.038607 -1.000000 0 9
16-03-30T23:14:10.000 -0.360886 -0.094147 10.022385 -2.789286 0.005068 0.038607 -1.000000 0 9
16-03-30T23:14:12.000 -0.360886 -0.094147 10.022385 -2.794715 0.011006 0.039711 -1.000000 0 9
16-03-30T23:14:15.000 -0.337341 -0.098068 10.026306 -2.794715 0.011006 0.039711 -1.000000 0 9
16-03-30T23:14:17.000 -0.337341 -0.098068 10.026306 -2.790165 0.008142 0.038010 -1.000000 0 9
16-03-30T23:14:20.000 -0.345184 -0.058838 10.045929 -2.790165 0.008142 0.038010 -1.000000 0 9
16-03-30T23:14:22.000 -0.380493 -0.086288 10.044357 -2.791009 0.010094 0.037807 -1.000000 0 9
16-03-30T23:14:25.000 -0.388336 -0.098068 9.998856 -2.791009 0.010094 0.037807 -1.000000 0 9
16-03-30T23:14:27.000 -0.376572 -0.098068 10.031799 -2.793189 0.007028 0.040229 -1.000000 0 9
16-03-30T23:14:29.000 -0.375778 -0.069824 10.011414 -2.793189 0.007028 0.040229 -1.000000 0 9
16-03-30T23:14:31.000 -0.375778 -0.069824 10.011414 -2.786848 0.009376 0.035558 -1.000000 0 9
16-03-30T23:14:34.000 -0.400101 -0.082367 10.002777 -2.786848 0.009376 0.035558 -1.000000 0 9
16-03-30T23:14:36.000 -0.400101 -0.082367 10.002777 -2.789758 0.007809 0.037887 -1.000000 0 9
16-03-30T23:14:39.000 -0.372650 -0.094131 9.998856 -2.789758 0.007809 0.037887 -1.000000 0 9
16-03-30T23:14:41.000 -0.372650 -0.094131 9.998856 -2.793370 0.007848 0.040040 -1.000000 0 9
16-03-30T23:14:44.000 -0.333420 -0.105911 10.030243 -2.793370 0.007848 0.040040 -1.000000 0 9
16-03-30T23:14:46.000 -0.333420 -0.105911 10.030243 -2.782668 0.008976 0.033177 -1.000000 0 9
16-03-30T23:14:49.000 -0.392258 -0.090225 10.022385 -2.782668 0.008976 0.033177 -1.000000 0 9
16-03-30T23:14:51.000 -0.382065 -0.083160 10.024750 -2.791260 0.007031 0.039072 -1.000000 0 9
16-03-30T23:14:54.000 -0.382065 -0.083160 10.024750 -2.791260 0.007031 0.039072 -1.000000 0 9
16-03-30T23:14:56.000 -0.368729 -0.066681 10.022385 -2.787590 0.008584 0.036298 -1.000000 0 9
16-03-30T23:14:59.000 -0.368729 -0.098068 10.018463 -2.787590 0.008584 0.036298 -1.000000 0 9
16-03-30T23:15:01.000 -0.368729 -0.098068 10.018463 -2.789072 0.007006 0.037769 -1.000000 0 9
16-03-30T23:15:04.000 -0.373428 -0.077667 10.016113 -2.789072 0.007006 0.037769 -1.000000 0 9
16-03-30T23:15:06.000 -0.346756 -0.078445 10.005127 -2.787762 0.009610 0.036025 -1.000000 0 9
16-03-30T23:15:09.000 -0.346756 -0.078445 10.005127 -2.787762 0.009610 0.036025 -1.000000 0 9
16-03-30T23:15:11.000 -0.352249 -0.098053 10.025528 -2.789146 0.007100 0.037778 -1.000000 0 9
16-03-30T23:15:14.000 -0.352249 -0.098053 10.025528 -2.789146 0.007100 0.037778 -1.000000 0 9
16-03-30T23:15:16.000 -0.368729 -0.086288 10.042007 -2.779939 0.008951 0.031531 -1.000000 0 9
16-03-30T23:15:19.000 -0.368729 -0.086288 10.042007 -2.779939 0.008951 0.031531 -1.000000 0 9
16-03-30T23:15:21.000 -0.380493 -0.117676 9.971390 -2.792580 0.011792 0.038140 -1.000000 0 9
16-03-30T23:15:24.000 -0.380493 -0.117676 9.971390 -2.792580 0.011792 0.038140 -1.000000 0 9
16-03-30T23:15:26.000 -0.388336 -0.074524 10.030228 -2.790874 0.007424 0.038697 -1.000000 0 9
16-03-30T23:15:29.000 -0.388336 -0.074524 10.030228 -2.790874 0.007424 0.038697 -1.000000 0 9
16-03-30T23:15:31.000 -0.392258 -0.058838 10.053772 -2.790413 0.005848 0.038996 -1.000000 0 9
16-03-30T23:15:34.000 -0.392258 -0.058838 10.053772 -2.790413 0.005848 0.038996 -1.000000 0 9
16-03-30T23:15:36.000 -0.392258 -0.070602 10.030243 -2.794354 0.005850 0.041350 -1.000000 0 9
16-03-30T23:15:39.000 -0.371078 -0.072174 10.028671 -2.794354 0.005850 0.041350 -1.000000 0 9
16-03-30T23:15:41.000 -0.388336 -0.077667 10.019257 -2.788374 0.008853 0.036672 -1.000000 0 9
16-03-30T23:15:44.000 -0.388336 -0.077667 10.019257 -2.788374 0.008853 0.036672 -1.000000 0 9
16-03-30T23:15:46.000 -0.353027 -0.082367 10.045929 -2.785410 0.008194 0.035127 -1.000000 0 9
16-03-30T23:15:49.000 -0.353027 -0.082367 10.045929 -2.785410 0.008194 0.035127 -1.000000 0 9
16-03-30T23:15:51.000 -0.392258 -0.070602 10.034164 -2.785904 0.009331 0.035004 -1.000000 0 9
16-03-30T23:15:54.000 -0.392258 -0.070602 10.034164 -2.785904 0.009331 0.035004 -1.000000 0 9
16-03-30T23:15:56.000 -0.360886 -0.117676 10.002777 -2.793834 0.012137 0.038773 -1.000000 0 9
16-03-30T23:15:59.000 -0.375000 -0.072952 10.019257 -2.793834 0.012137 0.038773 -1.000000 0 9
16-03-30T23:16:01.000 -0.375778 -0.091782 10.033371 -2.790068 0.007800 0.038076 -1.000000 0 9
16-03-30T23:16:04.000 -0.375778 -0.091782 10.033371 -2.790068 0.007800 0.038076 -1.000000 0 9
16-03-30T23:16:06.000 -0.368729 -0.090210 10.061615 -2.788371 0.008960 0.036631 -1.000000 0 9
16-03-30T23:16:09.000 -0.380493 -0.085510 10.034164 -2.788371 0.008960 0.036631 -1.000000 0 9
16-03-30T23:16:11.000 -0.380493 -0.085510 10.034164 -2.793007 0.007808 0.039837 -1.000000 0 9
16-03-30T23:16:14.000 -0.368729 -0.070602 10.038086 -2.793007 0.007808 0.039837 -1.000000 0 9
16-03-30T23:16:16.000 -0.368729 -0.070602 10.038086 -2.789710 0.005473 0.038712 -1.000000 0 9
16-03-30T23:16:19.000 -0.341263 -0.074524 10.057694 -2.789710 0.005473 0.038712 -1.000000 0 9
16-03-30T23:16:21.000 -0.341263 -0.074524 10.057694 -2.792193 0.009397 0.038773 -1.000000 0 9
16-03-30T23:16:24.000 -0.380493 -0.109833 10.034164 -2.792193 0.009397 0.038773 -1.000000 0 9
16-03-30T23:16:26.000 -0.380493 -0.109833 10.034164 -2.795306 0.012518 0.039524 -1.000000 0 9
16-03-30T23:16:29.000 -0.360886 -0.086304 10.018463 -2.795306 0.012518 0.039524 -1.000000 0 9
16-03-30T23:16:31.000 -0.360886 -0.086304 10.018463 -2.786106 0.008200 0.035544 -1.000000 0 9
16-03-30T23:16:34.000 -0.353027 -0.078445 10.042007 -2.786106 0.008200 0.035544 -1.000000 0 9
16-03-30T23:16:36.000 -0.353027 -0.078445 10.042007 -2.793684 0.011760 0.038819 -1.000000 0 9
16-03-30T23:16:39.000 -0.353043 -0.078445 9.994934 -2.793684 0.011760 0.038819 -1.000000 0 9
16-03-30T23:16:41.000 -0.353043 -0.078445 9.994934 -2.789758 0.007445 0.038020 -1.000000 0 9
16-03-30T23:16:44.000 -0.360886 -0.101974 10.081238 -2.789758 0.007445 0.038020 -1.000000 0 9
16-03-30T23:16:46.000 -0.364807 -0.074524 10.014542 -2.791894 0.006661 0.039586 -1.000000 0 9
16-03-30T23:16:49.000 -0.378922 -0.081589 10.023956 -2.791894 0.006661 0.039586 -1.000000 0 9
16-03-30T23:16:51.000 -0.368729 -0.121597 10.077301 -2.790150 0.012058 0.036574 -1.000000 0 9
16-03-30T23:16:54.000 -0.364014 -0.083160 10.032593 -2.790150 0.012058 0.036574 -1.000000 0 9
16-03-30T23:16:56.000 -0.353027 -0.105911 10.010620 -2.794284 0.012214 0.039017 -1.000000 0 9
16-03-30T23:16:59.000 -0.345184 -0.070602 10.026306 -2.794284 0.012214 0.039017 -1.000000 0 9
16-03-30T23:17:01.000 -0.386765 -0.072174 10.015335 -2.787693 0.006633 0.037078 -1.000000 0 9
16-03-30T23:17:04.000 -0.356964 -0.082367 10.045929 -2.787693 0.006633 0.037078 -1.000000 0 9
16-03-30T23:17:06.000 -0.350678 -0.094925 10.036514 -2.789038 0.010930 0.036312 -1.000000 0 9
16-03-30T23:17:09.000 -0.383636 -0.112183 10.049057 -2.789038 0.010930 0.036312 -1.000000 0 9
16-03-30T23:17:11.000 -0.383636 -0.112183 10.049057 -2.795656 0.010144 0.040586 -1.000000 0 9
16-03-30T23:17:14.000 -0.376572 -0.062759 10.053772 -2.795656 0.010144 0.040586 -1.000000 0 9
16-03-30T23:17:16.000 -0.376572 -0.062759 10.053772 -2.784211 0.005876 0.035264 -1.000000 0 9
16-03-30T23:17:19.000 -0.364807 -0.066681 10.018463 -2.784211 0.005876 0.035264 -1.000000 0 9
16-03-30T23:17:21.000 -0.372650 -0.107468 10.033371 -2.788829 0.003913 0.038758 -1.000000 0 9
16-03-30T23:17:24.000 -0.372650 -0.107468 10.033371 -2.788829 0.003913 0.038758 -1.000000 0 9
16-03-30T23:17:26.000 -0.362442 -0.090210 10.031021 -2.790460 0.009463 0.037706 -1.000000 0 9
16-03-30T23:17:29.000 -0.362442 -0.090210 10.031021 -2.790460 0.009463 0.037706 -1.000000 0 9
16-03-30T23:17:31.000 -0.392258 -0.072174 10.041214 -2.788134 0.005995 0.037577 -1.000000 0 9
16-03-30T23:17:34.000 -0.392258 -0.072174 10.041214 -2.788134 0.005995 0.037577 -1.000000 0 9
16-03-30T23:17:36.000 -0.360886 -0.082367 10.057694 -2.786630 0.008184 0.035866 -1.000000 0 9
16-03-30T23:17:39.000 -0.381271 -0.087082 10.020035 -2.786630 0.008184 0.035866 -1.000000 0 9
16-03-30T23:17:41.000 -0.381271 -0.087082 10.020035 -2.792855 0.008593 0.039463 -1.000000 0 9
16-03-30T23:17:44.000 -0.372650 -0.105911 10.093002 -2.792855 0.008593 0.039463 -1.000000 0 9
16-03-30T23:17:46.000 -0.372650 -0.105911 10.093002 -2.787027 0.007431 0.036383 -1.000000 0 9
16-03-30T23:17:49.000 -0.356949 -0.101990 9.991013 -2.787027 0.007431 0.036383 -1.000000 0 9
16-03-30T23:17:51.000 -0.356949 -0.101990 9.991013 -2.791257 0.012956 0.036918 -1.000000 0 9
16-03-30T23:17:54.000 -0.321655 -0.101990 9.983170 -2.791257 0.012956 0.036918 -1.000000 0 9
16-03-30T23:17:56.000 -0.396179 -0.089432 10.039642 -2.789772 0.007866 0.037874 -1.000000 0 9
16-03-30T23:17:59.000 -0.396194 -0.082367 10.030243 -2.789772 0.007866 0.037874 -1.000000 0 9
16-03-30T23:18:01.000 -0.364792 -0.072952 10.040436 -2.786137 0.009009 0.035264 -1.000000 0 9
16-03-30T23:18:04.000 -0.364792 -0.072952 10.040436 -2.786137 0.009009 0.035264 -1.000000 0 9
16-03-30T23:18:06.000 -0.396179 -0.031372 10.069458 -2.791584 0.008598 0.038697 -1.000000 0 9
16-03-30T23:18:09.000 -0.356964 -0.054916 10.002777 -2.791584 0.008598 0.038697 -1.000000 0 9
16-03-30T23:18:11.000 -0.373428 -0.083160 10.031021 -2.789445 0.008965 0.037276 -1.000000 0 9
16-03-30T23:18:14.000 -0.373428 -0.083160 10.031021 -2.789445 0.008965 0.037276 -1.000000 0 9
16-03-30T23:18:16.000 -0.362442 -0.085510 10.034943 -2.787683 0.007966 0.036581 -1.000000 0 9
16-03-30T23:18:19.000 -0.368729 -0.066681 9.975327 -2.787683 0.007966 0.036581 -1.000000 0 9
16-03-30T23:18:21.000 -0.364807 -0.086288 10.006699 -2.786873 0.009380 0.035572 -1.000000 0 9
16-03-30T23:18:24.000 -0.364807 -0.086288 10.006699 -2.786873 0.009380 0.035572 -1.000000 0 9
16-03-30T23:18:26.000 -0.392258 -0.105911 10.061615 -2.789415 0.007407 0.037828 -1.000000 0 9
16-03-30T23:18:29.000 -0.392258 -0.105911 10.061615 -2.789415 0.007407 0.037828 -1.000000 0 9
16-03-30T23:18:31.000 -0.404022 -0.101990 10.026306 -2.795150 0.010164 0.040274 -1.000000 0 9
16-03-30T23:18:35.000 -0.386765 -0.091782 9.976883 -2.795150 0.010164 0.040274 -1.000000 0 9
16-03-30T23:18:37.000 -0.392258 -0.113754 10.022385 -2.789066 0.008607 0.037179 -1.000000 0 9
16-03-30T23:18:40.000 -0.392258 -0.113754 10.022385 -2.789066 0.008607 0.037179 -1.000000 0 9
16-03-30T23:18:42.000 -0.337341 -0.066681 10.038086 -2.787240 0.009790 0.035643 -1.000000 0 9
16-03-30T23:18:45.000 -0.396179 -0.043152 10.018463 -2.787240 0.009790 0.035643 -1.000000 0 9
16-03-30T23:18:47.000 -0.369507 -0.101990 10.076523 -2.796384 0.007820 0.041854 -1.000000 0 9
16-03-30T23:18:50.000 -0.369507 -0.101990 10.076523 -2.796384 0.007820 0.041854 -1.000000 0 9
16-03-30T23:18:52.000 -0.411880 -0.101990 10.049850 -2.786402 0.009406 0.035278 -1.000000 0 9
16-03-30T23:18:55.000 -0.411880 -0.101990 10.049850 -2.786402 0.009406 0.035278 -1.000000 0 9
16-03-30T23:18:57.000 -0.404022 -0.019608 10.014542 -2.796148 0.010571 0.040729 -1.000000 0 9
16-03-30T23:18:59.000 -0.404022 -0.019608 10.014542 -2.796148 0.010571 0.040729 -1.000000 0 9
16-03-30T23:19:02.000 -0.380493 -0.090225 9.955704 -2.791892 0.012138 0.037599 -1.000000 0 9
16-03-30T23:19:04.000 -0.364807 -0.066681 10.053772 -2.791892 0.012138 0.037599 -1.000000 0 9
16-03-30T23:19:07.000 -0.385193 -0.087082 9.986298 -2.789227 0.006287 0.038125 -1.000000 0 9
16-03-30T23:19:10.000 -0.385193 -0.087082 9.986298 -2.789227 0.006287 0.038125 -1.000000 0 9
16-03-30T23:19:12.000 -0.372650 -0.098053 9.998856 -2.791505 0.005460 0.039791 -1.000000 0 9
16-03-30T23:19:15.000 -0.372650 -0.098053 9.998856 -2.791505 0.005460 0.039791 -1.000000 0 9
16-03-30T23:19:17.000 -0.404022 -0.066681 9.994934 -2.793258 0.006666 0.040401 -1.000000 0 9
16-03-30T23:19:20.000 -0.385986 -0.072952 10.016113 -2.793258 0.006666 0.040401 -1.000000 0 9
16-03-30T23:19:22.000 -0.360886 -0.109833 10.018463 -2.791186 0.006656 0.039164 -1.000000 0 9
16-03-30T23:19:25.000 -0.360886 -0.109833 10.018463 -2.791186 0.006656 0.039164 -1.000000 0 9
16-03-30T23:19:27.000 -0.419724 -0.054916 10.006699 -2.791415 0.009020 0.038442 -1.000000 0 9
16-03-30T23:19:30.000 -0.375000 -0.093353 10.005920 -2.791415 0.009020 0.038442 -1.000000 0 9
16-03-30T23:19:32.000 -0.388336 -0.089432 10.023178 -2.791073 0.008775 0.038325 -1.000000 0 9
16-03-30T23:19:35.000 -0.388336 -0.089432 10.023178 -2.791073 0.008775 0.038325 -1.000000 0 9
16-03-30T23:19:37.000 -0.388336 -0.089432 10.023178 -2.793090 0.006223 0.040461 -1.000000 0 9
16-03-30T23:19:40.000 -0.376572 -0.082367 10.010620 -2.793090 0.006223 0.040461 -1.000000 0 9
16-03-30T23:19:42.000 -0.388336 -0.070602 10.049850 -2.791060 0.010589 0.037658 -1.000000 0 9
16-03-30T23:19:45.000 -0.388336 -0.070602 10.049850 -2.791060 0.010589 0.037658 -1.000000 0 9
16-03-30T23:19:47.000 -0.372650 -0.066681 9.987091 -2.783100 0.009749 0.033152 -1.000000 0 9
16-03-30T23:19:50.000 -0.372650 -0.066681 9.987091 -2.783100 0.009749 0.033152 -1.000000 0 9
16-03-30T23:19:52.000 -0.372650 -0.066681 9.987091 -2.790587 0.005067 0.039386 -1.000000 0 9
16-03-30T23:19:55.000 -0.360886 -0.074524 9.987091 -2.790587 0.005067 0.039386 -1.000000 0 9
16-03-30T23:19:57.000 -0.392258 -0.105911 10.026306 -2.788964 0.008952 0.036991 -1.000000 0 9
16-03-30T23:20:00.000 -0.392258 -0.105911 10.026306 -2.788964 0.008952 0.036991 -1.000000 0 9
16-03-30T23:20:02.000 -0.349106 -0.113754 9.987091 -2.793652 0.011297 0.038966 -1.000000 0 9
16-03-30T23:20:05.000 -0.382843 -0.073746 10.016892 -2.793652 0.011297 0.038966 -1.000000 0 9
16-03-30T23:20:07.000 -0.382843 -0.073746 10.016892 -2.790460 0.007815 0.038307 -1.000000 0 9
16-03-30T23:20:10.000 -0.341263 -0.113754 10.057694 -2.790460 0.007815 0.038307 -1.000000 0 9
16-03-30T23:20:12.000 -0.378922 -0.089432 10.031799 -2.785178 0.006275 0.035698 -1.000000 0 9
16-03-30T23:20:15.000 -0.378922 -0.089432 10.031799 -2.785178 0.006275 0.035698 -1.000000 0 9
16-03-30T23:20:17.000 -0.407959 -0.094131 10.057694 -2.792477 0.005857 0.040227 -1.000000 0 9
16-03-30T23:20:20.000 -0.390686 -0.091782 10.015335 -2.792477 0.005857 0.040227 -1.000000 0 9
16-03-30T23:20:22.000 -0.390686 -0.091782 10.015335 -2.793217 0.008636 0.039664 -1.000000 0 9
16-03-30T23:20:25.000 -0.360886 -0.086288 9.994934 -2.793217 0.008636 0.039664 -1.000000 0 9
16-03-30T23:20:27.000 -0.360886 -0.086288 9.994934 -2.786220 0.007853 0.035741 -1.000000 0 9
16-03-30T23:20:30.000 -0.360886 -0.086288 9.994934 -2.786220 0.007853 0.035741 -1.000000 0 9
16-03-30T23:20:32.000 -0.411880 -0.070602 10.014542 -2.791293 0.008199 0.038667 -1.000000 0 9
16-03-30T23:20:35.000 -0.411880 -0.070602 10.014542 -2.791293 0.008199 0.038667 -1.000000 0 9
16-03-30T23:20:37.000 -0.372650 -0.070602 10.065536 -2.794024 0.009018 0.040011 -1.000000 0 9
16-03-30T23:20:40.000 -0.383636 -0.098846 10.046707 -2.794024 0.009018 0.040011 -1.000000 0 9
16-03-30T23:20:42.000 -0.364807 -0.117676 9.975311 -2.789956 0.011788 0.036555 -1.000000 0 9
16-03-30T23:20:45.000 -0.382065 -0.101196 9.991791 -2.789956 0.011788 0.036555 -1.000000 0 9
16-03-30T23:20:46.000 -0.382065 -0.101196 9.991791 -2.800276 0.010599 0.043195 -1.000000 0 9
16-03-30T23:20:49.000 -0.407944 -0.094147 10.006699 -2.800276 0.010599 0.043195 -1.000000 0 9
16-03-30T23:20:51.000 -0.407944 -0.094147 10.006699 -2.792565 0.008196 0.039432 -1.000000 0 9
16-03-30T23:20:54.000 -0.384415 -0.090210 10.010620 -2.792565 0.008196 0.039432 -1.000000 0 9
16-03-30T23:20:57.000 -0.396179 -0.086304 9.998856 -2.793106 0.008624 0.039602 -1.000000 0 9
16-03-30T23:20:59.000 -0.406387 -0.091003 9.975311 -2.793106 0.008624 0.039602 -1.000000 0 9
16-03-30T23:21:02.000 -0.392258 -0.098068 10.065536 -2.792691 0.009735 0.038951 -1.000000 0 9
16-03-30T23:21:04.000 -0.407944 -0.070602 10.022385 -2.792691 0.009735 0.038951 -1.000000 0 9
16-03-30T23:21:07.000 -0.373428 -0.081589 10.009048 -2.790468 0.008980 0.037887 -1.000000 0 9
16-03-30T23:21:09.000 -0.376572 -0.090210 9.991013 -2.790468 0.008980 0.037887 -1.000000 0 9
16-03-30T23:21:12.000 -0.380493 -0.070602 10.065536 -2.789099 0.007009 0.037784 -1.000000 0 9
16-03-30T23:21:14.000 -0.400116 -0.086288 9.998856 -2.789099 0.007009 0.037784 -1.000000 0 9
16-03-30T23:21:17.000 -0.431488 -0.039230 10.014542 -2.796056 0.003914 0.043060 -1.000000 0 9
16-03-30T23:21:19.000 -0.367935 -0.073746 10.012192 -2.796056 0.003914 0.043060 -1.000000 0 9
16-03-30T23:21:22.000 -0.366364 -0.079239 10.034943 -2.792575 0.007760 0.039596 -1.000000 0 9
16-03-30T23:21:24.000 -0.366364 -0.079239 10.034943 -2.792575 0.007760 0.039596 -1.000000 0 9
16-03-30T23:21:27.000 -0.376572 -0.082367 9.994934 -2.789637 0.008235 0.037658 -1.000000 0 9
16-03-30T23:21:29.000 -0.376572 -0.082367 9.994934 -2.789637 0.008235 0.037658 -1.000000 0 9
16-03-30T23:21:32.000 -0.404022 -0.082367 10.018463 -2.789859 0.009433 0.037355 -1.000000 0 9
16-03-30T23:21:34.000 -0.404022 -0.082367 10.018463 -2.789859 0.009433 0.037355 -1.000000 0 9
16-03-30T23:21:37.000 -0.384415 -0.082367 10.049850 -2.788934 0.008230 0.037237 -1.000000 0 9
16-03-30T23:21:40.000 -0.384415 -0.082367 10.049850 -2.788934 0.008230 0.037237 -1.000000 0 9
16-03-30T23:21:42.000 -0.360886 -0.090210 10.010620 -2.789646 0.009761 0.037107 -1.000000 0 9
16-03-30T23:21:44.000 -0.360886 -0.090210 10.010620 -2.789646 0.009761 0.037107 -1.000000 0 9
16-03-30T23:21:47.000 -0.375778 -0.086288 10.029449 -2.788431 0.007428 0.037229 -1.000000 0 9
16-03-30T23:21:49.000 -0.377350 -0.094131 10.035721 -2.788431 0.007428 0.037229 -1.000000 0 9
16-03-30T23:21:52.000 -0.377350 -0.094131 10.035721 -2.798263 0.007443 0.043110 -1.000000 0 9
16-03-30T23:21:54.000 -0.374222 -0.087082 10.006699 -2.798263 0.007443 0.043110 -1.000000 0 9
16-03-30T23:21:57.000 -0.384415 -0.094925 9.977676 -2.790321 0.007349 0.038393 -1.000000 0 9
16-03-30T23:21:59.000 -0.392258 -0.062759 10.022385 -2.790321 0.007349 0.038393 -1.000000 0 9
16-03-30T23:22:02.000 -0.392258 -0.062759 10.022385 -2.790229 0.008949 0.037754 -1.000000 0 9
16-03-30T23:22:04.000 -0.376572 -0.101990 10.038086 -2.790229 0.008949 0.037754 -1.000000 0 9
16-03-30T23:22:07.000 -0.376572 -0.101990 10.038086 -2.789626 0.007430 0.037946 -1.000000 0 9
16-03-30T23:22:09.000 -0.372650 -0.086304 10.026321 -2.789626 0.007430 0.037946 -1.000000 0 9
16-03-30T23:22:12.000 -0.372650 -0.086304 10.026321 -2.789367 0.009816 0.036918 -1.000000 0 9
16-03-30T23:22:14.000 -0.372650 -0.078445 10.030243 -2.789367 0.009816 0.036918 -1.000000 0 9
16-03-30T23:22:17.000 -0.357742 -0.099625 10.021606 -2.790785 0.009381 0.037931 -1.000000 0 9
16-03-30T23:22:19.000 -0.357742 -0.099625 10.021606 -2.790785 0.009381 0.037931 -1.000000 0 9
16-03-30T23:22:22.000 -0.396179 -0.098068 10.069458 -2.785762 0.012078 0.033904 -1.000000 0 9
16-03-30T23:22:24.000 -0.396179 -0.098068 10.069458 -2.785762 0.012078 0.033904 -1.000000 0 9
16-03-30T23:22:27.000 -0.368729 -0.101990 9.994934 -2.790503 0.010149 0.037482 -1.000000 0 9
16-03-30T23:22:30.000 -0.368729 -0.101990 9.994934 -2.790503 0.010149 0.037482 -1.000000 0 9
16-03-30T23:22:32.000 -0.368729 -0.066681 10.026321 -2.793216 0.010976 0.038819 -1.000000 0 9
16-03-30T23:22:34.000 -0.375778 -0.088654 10.014542 -2.793216 0.010976 0.038819 -1.000000 0 9
16-03-30T23:22:37.000 -0.375778 -0.088654 10.014542 -2.785636 0.010198 0.034522 -1.000000 0 9
16-03-30T23:22:39.000 -0.404022 -0.105911 10.006699 -2.785636 0.010198 0.034522 -1.000000 0 9
16-03-30T23:22:42.000 -0.404022 -0.105911 10.006699 -2.797219 0.007771 0.042370 -1.000000 0 9
16-03-30T23:22:44.000 -0.396179 -0.078445 10.014542 -2.797219 0.007771 0.042370 -1.000000 0 9
16-03-30T23:22:47.000 -0.396179 -0.078445 10.014542 -2.788085 0.009009 0.036440 -1.000000 0 9
16-03-30T23:22:49.000 -0.356964 -0.078445 10.014542 -2.788085 0.009009 0.036440 -1.000000 0 9
16-03-30T23:22:51.000 -0.356964 -0.078445 10.014542 -2.791705 0.009418 0.038472 -1.000000 0 9
16-03-30T23:22:54.000 -0.356964 -0.129440 10.006699 -2.791705 0.009418 0.038472 -1.000000 0 9
16-03-30T23:22:56.000 -0.384415 -0.078445 9.959625 -2.794354 0.005850 0.041350 -1.000000 0 9
16-03-30T23:22:59.000 -0.385986 -0.080795 10.004349 -2.794354 0.005850 0.041350 -1.000000 0 9
16-03-30T23:23:02.000 -0.384415 -0.054916 10.077316 -2.788717 0.005445 0.038128 -1.000000 0 9
16-03-30T23:23:05.000 -0.368729 -0.109833 10.045929 -2.788717 0.005445 0.038128 -1.000000 0 9
16-03-30T23:23:07.000 -0.368729 -0.109833 10.045929 -2.784642 0.004316 0.036104 -1.000000 0 9
16-03-30T23:23:10.000 -0.427567 -0.090225 10.006699 -2.784642 0.004316 0.036104 -1.000000 0 9
16-03-30T23:23:12.000 -0.427567 -0.090225 10.006699 -2.794322 0.009781 0.039915 -1.000000 0 9
16-03-30T23:23:15.000 -0.415802 -0.074524 10.038086 -2.794322 0.009781 0.039915 -1.000000 0 9
16-03-30T23:23:17.000 -0.415802 -0.074524 10.038086 -2.790179 0.011714 0.036716 -1.000000 0 9
16-03-30T23:23:20.000 -0.400101 -0.066681 10.034164 -2.790179 0.011714 0.036716 -1.000000 0 9
16-03-30T23:23:22.000 -0.400101 -0.066681 10.034164 -2.794063 0.011006 0.039318 -1.000000 0 9
16-03-30T23:23:25.000 -0.349106 -0.113754 10.061615 -2.794063 0.011006 0.039318 -1.000000 0 9
16-03-30T23:23:27.000 -0.349106 -0.113754 10.061615 -2.784598 0.007813 0.034778 -1.000000 0 9
16-03-30T23:23:30.000 -0.396179 -0.077667 10.015335 -2.784598 0.007813 0.034778 -1.000000 0 9
16-03-30T23:23:32.000 -0.396179 -0.077667 10.015335 -2.787530 0.008661 0.036233 -1.000000 0 9
16-03-30T23:23:35.000 -0.392258 -0.082367 10.026321 -2.787530 0.008661 0.036233 -1.000000 0 9
16-03-30T23:23:37.000 -0.394608 -0.091003 10.001984 -2.792838 0.008462 0.039499 -1.000000 0 9
16-03-30T23:23:40.000 -0.394608 -0.091003 10.001984 -2.792838 0.008462 0.039499 -1.000000 0 9
16-03-30T23:23:42.000 -0.384415 -0.086288 10.010620 -2.791069 0.008613 0.038382 -1.000000 0 9
16-03-30T23:23:45.000 -0.392258 -0.095703 9.997284 -2.791069 0.008613 0.038382 -1.000000 0 9
16-03-30T23:23:47.000 -0.360870 -0.090225 10.042007 -2.795364 0.009386 0.040682 -1.000000 0 9
16-03-30T23:23:50.000 -0.378922 -0.086288 9.985519 -2.795364 0.009386 0.040682 -1.000000 0 9
16-03-30T23:23:52.000 -0.378922 -0.086288 9.985519 -2.797689 0.012944 0.040810 -1.000000 0 9
16-03-30T23:23:55.000 -0.364807 -0.078445 9.983170 -2.797689 0.012944 0.040810 -1.000000 0 9
16-03-30T23:23:57.000 -0.415802 -0.050980 10.006699 -2.794194 0.005090 0.041528 -1.000000 0 9
16-03-30T23:24:00.000 -0.398544 -0.069824 10.029449 -2.794194 0.005090 0.041528 -1.000000 0 9
16-03-30T23:24:02.000 -0.382065 -0.093353 10.020828 -2.790376 0.009988 0.037465 -1.000000 0 9
16-03-30T23:24:05.000 -0.382065 -0.093353 10.020828 -2.790376 0.009988 0.037465 -1.000000 0 9
16-03-30T23:24:07.000 -0.380493 -0.078445 9.987091 -2.798322 0.009790 0.042311 -1.000000 0 9
16-03-30T23:24:10.000 -0.403244 -0.101990 10.007477 -2.798322 0.009790 0.042311 -1.000000 0 9
16-03-30T23:24:12.000 -0.403244 -0.101990 10.007477 -2.794138 0.013358 0.038518 -1.000000 0 9
16-03-30T23:24:15.000 -0.360886 -0.054916 10.034164 -2.794138 0.013358 0.038518 -1.000000 0 9
16-03-30T23:24:17.000 -0.411880 -0.086288 10.026306 -2.789643 0.010336 0.036895 -1.000000 0 9
16-03-30T23:24:20.000 -0.378922 -0.091782 10.022385 -2.789643 0.010336 0.036895 -1.000000 0 9
16-03-30T23:24:22.000 -0.385986 -0.073746 10.027100 -2.791992 0.008309 0.039047 -1.000000 0 9
16-03-30T23:24:25.000 -0.411880 -0.047073 10.034164 -2.791992 0.008309 0.039047 -1.000000 0 9
16-03-30T23:24:27.000 -0.396179 -0.105911 10.026321 -2.794084 0.010555 0.039493 -1.000000 0 9
16-03-30T23:24:30.000 -0.396179 -0.105911 10.026321 -2.794084 0.010555 0.039493 -1.000000 0 9
16-03-30T23:24:32.000 -0.405594 -0.085510 9.998077 -2.793860 0.008927 0.039944 -1.000000 0 9
16-03-30T23:24:35.000 -0.405594 -0.085510 9.998077 -2.793860 0.008927 0.039944 -1.000000 0 9
16-03-30T23:24:37.000 -0.400101 -0.094131 9.987091 -2.787067 0.010573 0.035251 -1.000000 0 9
16-03-30T23:24:40.000 -0.400101 -0.094131 9.987091 -2.787067 0.010573 0.035251 -1.000000 0 9
16-03-30T23:24:42.000 -0.384415 -0.086304 10.073380 -2.790640 0.008561 0.038143 -1.000000 0 9
16-03-30T23:24:45.000 -0.384415 -0.086304 10.073380 -2.790640 0.008561 0.038143 -1.000000 0 9
16-03-30T23:24:47.000 -0.380493 -0.090210 10.018463 -2.790602 0.008998 0.037961 -1.000000 0 9
16-03-30T23:24:50.000 -0.380493 -0.090210 10.018463 -2.790602 0.008998 0.037961 -1.000000 0 9
16-03-30T23:24:52.000 -0.404037 -0.109833 9.975311 -2.795993 0.011001 0.040482 -1.000000 0 9
16-03-30T23:24:55.000 -0.404037 -0.109833 9.975311 -2.795993 0.011001 0.040482 -1.000000 0 9
16-03-30T23:24:57.000 -0.404037 -0.082382 10.026321 -2.793981 0.008210 0.040276 -1.000000 0 9
16-03-30T23:25:00.000 -0.400894 -0.086288 10.009842 -2.793981 0.008210 0.040276 -1.000000 0 9
16-03-30T23:25:02.000 -0.400894 -0.086288 10.009842 -2.789473 0.010189 0.036846 -1.000000 0 9
16-03-30T23:25:05.000 -0.368729 -0.090210 10.034164 -2.789473 0.010189 0.036846 -1.000000 0 9
16-03-30T23:25:07.000 -0.368729 -0.090210 10.034164 -2.796472 0.008195 0.041772 -1.000000 0 9
16-03-30T23:25:10.000 -0.364807 -0.081589 10.012970 -2.796472 0.008195 0.041772 -1.000000 0 9
16-03-30T23:25:12.000 -0.364807 -0.081589 10.012970 -2.786984 0.008229 0.036063 -1.000000 0 9
16-03-30T23:25:15.000 -0.370285 -0.087082 10.020035 -2.786984 0.008229 0.036063 -1.000000 0 9
16-03-30T23:25:17.000 -0.370285 -0.087082 10.020035 -2.789679 0.007436 0.037976 -1.000000 0 9
16-03-30T23:25:20.000 -0.404022 -0.078445 9.987091 -2.789679 0.007436 0.037976 -1.000000 0 9
16-03-30T23:25:22.000 -0.404022 -0.078445 9.987091 -2.791365 0.010180 0.037991 -1.000000 0 9
16-03-30T23:25:25.000 -0.376572 -0.074524 10.010620 -2.791365 0.010180 0.037991 -1.000000 0 9
16-03-30T23:25:27.000 -0.376572 -0.074524 10.010620 -2.793853 0.011787 0.038910 -1.000000 0 9
16-03-30T23:25:29.000 -0.400101 -0.083160 10.026306 -2.793853 0.011787 0.038910 -1.000000 0 9
16-03-30T23:25:32.000 -0.377350 -0.085510 9.990219 -2.792839 0.009034 0.039293 -1.000000 0 9
16-03-30T23:25:34.000 -0.377350 -0.085510 9.990219 -2.792839 0.009034 0.039293 -1.000000 0 9
16-03-30T23:25:37.000 -0.380493 -0.117676 10.018478 -2.792251 0.011737 0.037961 -1.000000 0 9
16-03-30T23:25:39.000 -0.341263 -0.101990 9.998856 -2.792251 0.011737 0.037961 -1.000000 0 9
16-03-30T23:25:42.000 -0.411880 -0.094925 10.010620 -2.797759 0.009803 0.041969 -1.000000 0 9
16-03-30T23:25:44.000 -0.397751 -0.090210 10.009048 -2.797759 0.009803 0.041969 -1.000000 0 9
16-03-30T23:25:47.000 -0.397751 -0.090210 10.009048 -2.790099 0.008573 0.037813 -1.000000 0 9
16-03-30T23:25:49.000 -0.349106 -0.062759 10.034164 -2.790099 0.008573 0.037813 -1.000000 0 9
16-03-30T23:25:52.000 -0.382843 -0.082367 10.010620 -2.795350 0.010191 0.040385 -1.000000 0 9
16-03-30T23:25:54.000 -0.380493 -0.101990 10.053772 -2.795350 0.010191 0.040385 -1.000000 0 9
16-03-30T23:25:57.000 -0.380493 -0.101990 10.053772 -2.794734 0.009025 0.040434 -1.000000 0 9
16-03-30T23:25:59.000 -0.372650 -0.078445 9.987091 -2.794734 0.009025 0.040434 -1.000000 0 9
16-03-30T23:26:02.000 -0.407959 -0.086288 10.077301 -2.792818 0.009394 0.039150 -1.000000 0 9
16-03-30T23:26:04.000 -0.389114 -0.094925 10.008270 -2.792818 0.009394 0.039150 -1.000000 0 9
16-03-30T23:26:07.000 -0.376572 -0.082367 10.038086 -2.792303 0.009412 0.038834 -1.000000 0 9
16-03-30T23:26:09.000 -0.412659 -0.072174 10.012192 -2.792303 0.009412 0.038834 -1.000000 0 9
16-03-30T23:26:12.000 -0.412659 -0.072174 10.012192 -2.798361 0.008990 0.042619 -1.000000 0 9
16-03-30T23:26:14.000 -0.384415 -0.086288 9.991013 -2.798361 0.008990 0.042619 -1.000000 0 9
16-03-30T23:26:17.000 -0.384415 -0.086288 9.991013 -2.796919 0.010587 0.041186 -1.000000 0 9
16-03-30T23:26:19.000 -0.407959 -0.078445 9.991013 -2.796919 0.010587 0.041186 -1.000000 0 9
16-03-30T23:26:22.000 -0.407959 -0.078445 9.991013 -2.793214 0.005863 0.040665 -1.000000 0 9
16-03-30T23:26:25.000 -0.400101 -0.105118 9.945511 -2.793214 0.005863 0.040665 -1.000000 0 9
16-03-30T23:26:27.000 -0.400101 -0.105118 9.945511 -2.794483 0.012247 0.039125 -1.000000 0 9
16-03-30T23:26:30.000 -0.431488 -0.090210 9.994934 -2.794483 0.012247 0.039125 -1.000000 0 9
16-03-30T23:26:32.000 -0.431488 -0.090210 9.994934 -2.793078 0.008619 0.039586 -1.000000 0 9
16-03-30T23:26:35.000 -0.384415 -0.105911 9.987091 -2.793078 0.008619 0.039586 -1.000000 0 9
16-03-30T23:26:37.000 -0.384415 -0.105911 9.987091 -2.794799 0.009397 0.040339 -1.000000 0 9
16-03-30T23:26:40.000 -0.392258 -0.078445 9.998856 -2.794799 0.009397 0.040339 -1.000000 0 9
16-03-30T23:26:42.000 -0.427567 -0.074524 9.979248 -2.792994 0.012568 0.038110 -1.000000 0 9
16-03-30T23:26:45.000 -0.401672 -0.080795 10.020035 -2.792994 0.012568 0.038110 -1.000000 0 9
16-03-30T23:26:47.000 -0.401672 -0.080795 10.020035 -2.792650 0.010989 0.038472 -1.000000 0 9
16-03-30T23:26:50.000 -0.419724 -0.105911 9.971390 -2.792650 0.010989 0.038472 -1.000000 0 9
16-03-30T23:26:52.000 -0.419724 -0.105911 9.971390 -2.792107 0.008218 0.039149 -1.000000 0 9
16-03-30T23:26:55.000 -0.388336 -0.062759 10.018463 -2.792107 0.008218 0.039149 -1.000000 0 9
16-03-30T23:26:57.000 -0.410309 -0.066681 10.009842 -2.793084 0.008705 0.039559 -1.000000 0 9
16-03-30T23:27:00.000 -0.415787 -0.082382 9.994934 -2.793084 0.008705 0.039559 -1.000000 0 9
16-03-30T23:27:02.000 -0.384415 -0.098068 10.022385 -2.791697 0.009777 0.038337 -1.000000 0 9
16-03-30T23:27:05.000 -0.384415 -0.098068 10.022385 -2.791697 0.009777 0.038337 -1.000000 0 9
16-03-30T23:27:07.000 -0.368729 -0.086288 10.030243 -2.788340 0.008597 0.036745 -1.000000 0 9
16-03-30T23:27:10.000 -0.388336 -0.080017 9.993362 -2.788340 0.008597 0.036745 -1.000000 0 9
16-03-30T23:27:12.000 -0.372650 -0.101974 9.987091 -2.790227 0.010203 0.037296 -1.000000 0 9
16-03-30T23:27:15.000 -0.379715 -0.093353 10.018463 -2.790227 0.010203 0.037296 -1.000000 0 9
16-03-30T23:27:17.000 -0.379715 -0.093353 10.018463 -2.788977 0.009855 0.036668 -1.000000 0 9
16-03-30T23:27:20.000 -0.396179 -0.109833 9.979233 -2.788977 0.009855 0.036668 -1.000000 0 9
16-03-30T23:27:22.000 -0.396179 -0.109833 9.979233 -2.793918 0.012151 0.038819 -1.000000 0 9
16-03-30T23:27:25.000 -0.400116 -0.113754 10.026306 -2.793918 0.012151 0.038819 -1.000000 0 9
16-03-30T23:27:27.000 -0.415009 -0.086288 10.010620 -2.795820 0.009092 0.041061 -1.000000 0 9
16-03-30T23:27:30.000 -0.367157 -0.101196 10.031799 -2.795820 0.009092 0.041061 -1.000000 0 9
16-03-30T23:27:32.000 -0.367157 -0.101196 10.031799 -2.794216 0.007432 0.040697 -1.000000 0 9
16-03-30T23:27:35.000 -0.376572 -0.109833 10.018463 -2.794216 0.007432 0.040697 -1.000000 0 9
16-03-30T23:27:37.000 -0.376572 -0.109833 10.018463 -2.795894 0.009007 0.041136 -1.000000 0 9
16-03-30T23:27:40.000 -0.419724 -0.070602 9.975327 -2.795894 0.009007 0.041136 -1.000000 0 9
16-03-30T23:27:42.000 -0.383636 -0.088654 9.998856 -2.790465 0.010597 0.037296 -1.000000 0 9
16-03-30T23:27:45.000 -0.383636 -0.088654 9.998856 -2.790465 0.010597 0.037296 -1.000000 0 9
16-03-30T23:27:47.000 -0.423645 -0.101990 10.002777 -2.790048 0.008206 0.037916 -1.000000 0 9
16-03-30T23:27:50.000 -0.423645 -0.101990 10.002777 -2.790048 0.008206 0.037916 -1.000000 0 9
16-03-30T23:27:52.000 -0.389908 -0.095703 10.004349 -2.790969 0.007274 0.038810 -1.000000 0 9
16-03-30T23:27:55.000 -0.389908 -0.095703 10.004349 -2.790969 0.007274 0.038810 -1.000000 0 9
16-03-30T23:27:57.000 -0.388336 -0.078445 10.057694 -2.791456 0.006619 0.039340 -1.000000 0 9
16-03-30T23:28:00.000 -0.388336 -0.078445 10.057694 -2.791456 0.006619 0.039340 -1.000000 0 9
16-03-30T23:28:02.000 -0.392258 -0.094147 10.053772 -2.794286 0.006640 0.041025 -1.000000 0 9
16-03-30T23:28:05.000 -0.392258 -0.094147 10.053772 -2.794286 0.006640 0.041025 -1.000000 0 9
16-03-30T23:28:07.000 -0.404022 -0.080017 10.012970 -2.793453 0.009507 0.039491 -1.000000 0 9
16-03-30T23:28:10.000 -0.404022 -0.080017 10.012970 -2.793453 0.009507 0.039491 -1.000000 0 9
16-03-30T23:28:12.000 -0.400101 -0.098068 10.045929 -2.792815 0.011723 0.038307 -1.000000 0 9
16-03-30T23:28:15.000 -0.400101 -0.098068 10.045929 -2.792815 0.011723 0.038307 -1.000000 0 9
16-03-30T23:28:17.000 -0.395401 -0.078445 10.003555 -2.791860 0.008771 0.038800 -1.000000 0 9
16-03-30T23:28:20.000 -0.386765 -0.086288 9.989441 -2.791860 0.008771 0.038800 -1.000000 0 9
16-03-30T23:28:22.000 -0.386765 -0.086288 9.989441 -2.787809 0.010233 0.035824 -1.000000 0 9
16-03-30T23:28:25.000 -0.378143 -0.102768 10.012192 -2.787809 0.010233 0.035824 -1.000000 0 9
16-03-30T23:28:27.000 -0.378143 -0.102768 10.012192 -2.787604 0.010201 0.035712 -1.000000 0 9
16-03-30T23:28:30.000 -0.396179 -0.074524 10.010620 -2.787604 0.010201 0.035712 -1.000000 0 9
16-03-30T23:28:32.000 -0.396179 -0.074524 10.010620 -2.792995 0.009777 0.039118 -1.000000 0 9
16-03-30T23:28:35.000 -0.392258 -0.082367 10.006699 -2.792995 0.009777 0.039118 -1.000000 0 9
16-03-30T23:28:37.000 -0.392258 -0.082367 10.006699 -2.790510 0.008183 0.038202 -1.000000 0 9
16-03-30T23:28:39.000 -0.427567 -0.078445 10.002777 -2.790510 0.008183 0.038202 -1.000000 0 9
16-03-30T23:28:41.000 -0.427567 -0.078445 10.002777 -2.793646 0.008609 0.039931 -1.000000 0 9
16-03-30T23:28:44.000 -0.390686 -0.109039 10.008270 -2.793646 0.008609 0.039931 -1.000000 0 9
16-03-30T23:28:46.000 -0.389908 -0.102768 10.002777 -2.791406 0.009378 0.038307 -1.000000 0 9
16-03-30T23:28:49.000 -0.389908 -0.102768 10.002777 -2.791406 0.009378 0.038307 -1.000000 0 9
16-03-30T23:28:51.000 -0.427567 -0.098068 9.971390 -2.794875 0.009043 0.040512 -1.000000 0 9
16-03-30T23:28:54.000 -0.427567 -0.098068 9.971390 -2.794875 0.009043 0.040512 -1.000000 0 9
16-03-30T23:28:56.000 -0.435410 -0.070602 9.987091 -2.795529 0.010575 0.040355 -1.000000 0 9
16-03-30T23:28:59.000 -0.376572 -0.086304 9.994934 -2.795529 0.010575 0.040355 -1.000000 0 9
16-03-30T23:29:01.000 -0.376572 -0.086304 9.994934 -2.793687 0.010592 0.039241 -1.000000 0 9
16-03-30T23:29:04.000 -0.391480 -0.074524 10.023956 -2.793687 0.010592 0.039241 -1.000000 0 9
16-03-30T23:29:06.000 -0.391480 -0.074524 10.023956 -2.791946 0.009363 0.038637 -1.000000 0 9
16-03-30T23:29:09.000 -0.411865 -0.101990 9.991013 -2.791946 0.009363 0.038637 -1.000000 0 9
16-03-30T23:29:11.000 -0.411865 -0.101990 9.991013 -2.793187 0.008192 0.039806 -1.000000 0 9
16-03-30T23:29:14.000 -0.392258 -0.102768 9.987869 -2.793187 0.008192 0.039806 -1.000000 0 9
16-03-30T23:29:16.000 -0.392258 -0.102768 9.987869 -2.789577 0.005462 0.038637 -1.000000 0 9
16-03-30T23:29:19.000 -0.384415 -0.101990 10.026321 -2.789577 0.005462 0.038637 -1.000000 0 9
16-03-30T23:29:21.000 -0.384415 -0.101990 10.026321 -2.797054 0.009352 0.041707 -1.000000 0 9
16-03-30T23:29:24.000 -0.381271 -0.087082 10.023178 -2.797054 0.009352 0.041707 -1.000000 0 9
16-03-30T23:29:26.000 -0.381271 -0.087082 10.023178 -2.791709 0.013391 0.037035 -1.000000 0 9
16-03-30T23:29:29.000 -0.381271 -0.087082 10.023178 -2.791709 0.013391 0.037035 -1.000000 0 9
16-03-30T23:29:31.000 -0.396179 -0.129440 10.014542 -2.795738 0.006652 0.041887 -1.000000 0 9
16-03-30T23:29:34.000 -0.407959 -0.141220 9.987091 -2.795738 0.006652 0.041887 -1.000000 0 9
16-03-30T23:29:36.000 -0.407959 -0.141220 9.987091 -2.793218 0.008638 0.039664 -1.000000 0 9
16-03-30T23:29:39.000 -0.407959 -0.141220 9.987091 -2.793218 0.008638 0.039664 -1.000000 0 9
16-03-30T23:29:41.000 -0.388336 -0.113754 10.030228 -2.788227 0.005885 0.037673 -1.000000 0 9
16-03-30T23:29:44.000 -0.387558 -0.079239 10.031021 -2.788227 0.005885 0.037673 -1.000000 0 9
16-03-30T23:29:46.000 -0.387558 -0.079239 10.031021 -2.793050 0.010950 0.038728 -1.000000 0 9
16-03-30T23:29:49.000 -0.427567 -0.121597 9.998856 -2.793050 0.010950 0.038728 -1.000000 0 9
16-03-30T23:29:51.000 -0.427567 -0.121597 9.998856 -2.784725 0.008635 0.034549 -1.000000 0 9
16-03-30T23:29:54.000 -0.404022 -0.074524 9.971390 -2.784725 0.008635 0.034549 -1.000000 0 9
16-03-30T23:29:56.000 -0.404022 -0.074524 9.971390 -2.790416 0.005477 0.039133 -1.000000 0 9
16-03-30T23:29:59.000 -0.423645 -0.082367 10.018463 -2.790416 0.005477 0.039133 -1.000000 0 9
16-03-30T23:30:01.000 -0.423645 -0.082367 10.018463 -2.793314 0.007842 0.040009 -1.000000 0 9
16-03-30T23:30:04.000 -0.404022 -0.098053 9.998856 -2.793314 0.007842 0.040009 -1.000000 0 9
16-03-30T23:30:06.000 -0.404022 -0.098053 9.998856 -2.795400 0.011367 0.039993 -1.000000 0 9
16-03-30T23:30:09.000 -0.380493 -0.105911 9.998856 -2.795400 0.011367 0.039993 -1.000000 0 9
16-03-30T23:30:11.000 -0.402466 -0.089432 9.980026 -2.795457 0.008229 0.041153 -1.000000 0 9
16-03-30T23:30:14.000 -0.392258 -0.098068 9.994934 -2.795457 0.008229 0.041153 -1.000000 0 9
16-03-30T23:30:16.000 -0.392258 -0.098068 9.994934 -2.794298 0.008611 0.040322 -1.000000 0 9
16-03-30T23:30:19.000 -0.384415 -0.098068 10.022385 -2.794298 0.008611 0.040322 -1.000000 0 9
16-03-30T23:30:21.000 -0.386765 -0.085510 10.001205 -2.795349 0.008196 0.041101 -1.000000 0 9
16-03-30T23:30:24.000 -0.381271 -0.095703 9.995712 -2.795349 0.008196 0.041101 -1.000000 0 9
16-03-30T23:30:26.000 -0.419724 -0.078445 10.022385 -2.788044 0.007837 0.036846 -1.000000 0 9
16-03-30T23:30:29.000 -0.411087 -0.100418 9.986298 -2.788044 0.007837 0.036846 -1.000000 0 9
16-03-30T23:30:31.000 -0.402466 -0.086288 9.998062 -2.792708 0.008066 0.039565 -1.000000 0 9
16-03-30T23:30:34.000 -0.372650 -0.105911 9.983170 -2.792708 0.008066 0.039565 -1.000000 0 9
16-03-30T23:30:36.000 -0.368729 -0.082367 10.022385 -2.797462 0.007060 0.042769 -1.000000 0 9
16-03-30T23:30:39.000 -0.368729 -0.082367 10.022385 -2.797462 0.007060 0.042769 -1.000000 0 9
16-03-30T23:30:41.000 -0.402451 -0.076096 9.992584 -2.791975 0.007805 0.039220 -1.000000 0 9
16-03-30T23:30:44.000 -0.402451 -0.076096 9.992584 -2.791975 0.007805 0.039220 -1.000000 0 9
16-03-30T23:30:46.000 -0.376572 -0.113754 9.991013 -2.787907 0.011770 0.035320 -1.000000 0 9
16-03-30T23:30:49.000 -0.376572 -0.113754 9.991013 -2.787907 0.011770 0.035320 -1.000000 0 9
16-03-30T23:30:51.000 -0.388336 -0.101990 10.022385 -2.792581 0.010168 0.038728 -1.000000 0 9
16-03-30T23:30:54.000 -0.388336 -0.101990 10.022385 -2.792581 0.010168 0.038728 -1.000000 0 9
16-03-30T23:30:56.000 -0.382843 -0.083939 10.003555 -2.790404 0.008524 0.038015 -1.000000 0 9
16-03-30T23:30:59.000 -0.419724 -0.086288 10.018463 -2.790404 0.008524 0.038015 -1.000000 0 9
16-03-30T23:31:01.000 -0.419724 -0.086288 10.018463 -2.791496 0.011719 0.037511 -1.000000 0 9
16-03-30T23:31:04.000 -0.411880 -0.062759 10.006699 -2.791496 0.011719 0.037511 -1.000000 0 9
16-03-30T23:31:06.000 -0.411880 -0.062759 10.006699 -2.792787 0.012880 0.037872 -1.000000 0 9
16-03-30T23:31:09.000 -0.423645 -0.078445 9.991013 -2.792787 0.012880 0.037872 -1.000000 0 9
16-03-30T23:31:11.000 -0.439331 -0.098068 10.006699 -2.796944 0.011903 0.040732 -1.000000 0 9
16-03-30T23:31:14.000 -0.389130 -0.083160 10.012970 -2.796944 0.011903 0.040732 -1.000000 0 9
16-03-30T23:31:16.000 -0.389130 -0.083160 10.012970 -2.796811 0.009763 0.041415 -1.000000 0 9
16-03-30T23:31:19.000 -0.411865 -0.098068 10.002777 -2.796811 0.009763 0.041415 -1.000000 0 9
16-03-30T23:31:21.000 -0.411865 -0.098068 10.002777 -2.790121 0.006680 0.038517 -1.000000 0 9
16-03-30T23:31:24.000 -0.400101 -0.078445 9.983170 -2.790121 0.006680 0.038517 -1.000000 0 9
16-03-30T23:31:27.000 -0.400101 -0.078445 9.983170 -2.792205 0.007427 0.039495 -1.000000 0 9
16-03-30T23:31:29.000 -0.353027 -0.086288 9.971390 -2.792205 0.007427 0.039495 -1.000000 0 9
16-03-30T23:31:31.000 -0.372650 -0.137283 9.991013 -2.795027 0.009426 0.040466 -1.000000 0 9
16-03-30T23:31:34.000 -0.407944 -0.086288 9.998856 -2.795027 0.009426 0.040466 -1.000000 0 9
16-03-30T23:31:36.000 -0.391480 -0.085510 10.004349 -2.787650 0.009398 0.036035 -1.000000 0 9
16-03-30T23:31:39.000 -0.391480 -0.085510 10.004349 -2.787650 0.009398 0.036035 -1.000000 0 9
16-03-30T23:31:41.000 -0.384415 -0.094131 9.955704 -2.786590 0.011766 0.034522 -1.000000 0 9
16-03-30T23:31:44.000 -0.388336 -0.094131 9.994934 -2.786590 0.011766 0.034522 -1.000000 0 9
16-03-30T23:31:46.000 -0.385986 -0.090210 10.020813 -2.791664 0.008215 0.038884 -1.000000 0 9
16-03-30T23:31:49.000 -0.407959 -0.094147 9.943939 -2.791664 0.008215 0.038884 -1.000000 0 9
16-03-30T23:31:51.000 -0.400116 -0.133362 9.959625 -2.796855 0.013379 0.040152 -1.000000 0 9
16-03-30T23:31:54.000 -0.401672 -0.076096 9.998856 -2.796855 0.013379 0.040152 -1.000000 0 9
16-03-30T23:31:56.000 -0.401672 -0.076096 9.998856 -2.793805 0.009438 0.039728 -1.000000 0 9
16-03-30T23:31:59.000 -0.388336 -0.113754 10.034164 -2.793805 0.009438 0.039728 -1.000000 0 9
16-03-30T23:32:01.000 -0.388336 -0.113754 10.034164 -2.797325 0.011362 0.041153 -1.000000 0 9
16-03-30T23:32:04.000 -0.388336 -0.078445 10.049850 -2.797325 0.011362 0.041153 -1.000000 0 9
16-03-30T23:32:06.000 -0.388336 -0.078445 10.049850 -2.787779 0.007442 0.036832 -1.000000 0 9
16-03-30T23:32:09.000 -0.368729 -0.101990 10.006699 -2.787779 0.007442 0.036832 -1.000000 0 9
16-03-30T23:32:11.000 -0.400101 -0.097275 10.005920 -2.782457 0.006263 0.034064 -1.000000 0 9
16-03-30T23:32:14.000 -0.385193 -0.095703 10.001205 -2.782457 0.006263 0.034064 -1.000000 0 9
16-03-30T23:32:16.000 -0.385193 -0.095703 10.001205 -2.790092 0.010539 0.037092 -1.000000 0 9
16-03-30T23:32:19.000 -0.353027 -0.098068 10.006699 -2.790092 0.010539 0.037092 -1.000000 0 9
16-03-30T23:32:21.000 -0.353027 -0.098068 10.006699 -2.792279 0.005096 0.040385 -1.000000 0 9
16-03-30T23:32:24.000 -0.407959 -0.117676 10.006699 -2.792279 0.005096 0.040385 -1.000000 0 9
16-03-30T23:32:26.000 -0.407959 -0.117676 10.006699 -2.796449 0.009439 0.041314 -1.000000 0 9
16-03-30T23:32:29.000 -0.404037 -0.090225 9.994934 -2.796449 0.009439 0.041314 -1.000000 0 9
16-03-30T23:32:31.000 -0.404037 -0.090225 9.994934 -2.793465 0.009392 0.039540 -1.000000 0 9
16-03-30T23:32:34.000 -0.419724 -0.094131 10.006699 -2.793465 0.009392 0.039540 -1.000000 0 9
16-03-30T23:32:36.000 -0.382843 -0.087082 10.027100 -2.787059 0.006267 0.036832 -1.000000 0 9
16-03-30T23:32:39.000 -0.376572 -0.074524 9.994934 -2.787059 0.006267 0.036832 -1.000000 0 9
16-03-30T23:32:41.000 -0.382065 -0.088638 10.024750 -2.787103 0.007439 0.036426 -1.000000 0 9
16-03-30T23:32:44.000 -0.382065 -0.088638 10.024750 -2.787103 0.007439 0.036426 -1.000000 0 9
16-03-30T23:32:46.000 -0.380493 -0.078445 9.991013 -2.784506 0.008606 0.034428 -1.000000 0 9
16-03-30T23:32:49.000 -0.372650 -0.076874 10.005920 -2.784506 0.008606 0.034428 -1.000000 0 9
16-03-30T23:32:51.000 -0.415802 -0.094147 9.998856 -2.795266 0.010180 0.040339 -1.000000 0 9
16-03-30T23:32:54.000 -0.415802 -0.094147 9.998856 -2.795266 0.010180 0.040339 -1.000000 0 9
16-03-30T23:32:56.000 -0.364807 -0.101990 9.998856 -2.793494 0.009397 0.039555 -1.000000 0 9
16-03-30T23:32:59.000 -0.400101 -0.072952 10.014542 -2.793494 0.009397 0.039555 -1.000000 0 9
16-03-30T23:33:01.000 -0.400101 -0.072952 10.014542 -2.788406 0.009770 0.036355 -1.000000 0 9
16-03-30T23:33:04.000 -0.439331 -0.113754 10.002777 -2.788406 0.009770 0.036355 -1.000000 0 9
16-03-30T23:33:06.000 -0.439331 -0.113754 10.002777 -2.786906 0.006253 0.036745 -1.000000 0 9
16-03-30T23:33:10.000 -0.400101 -0.113754 10.010620 -2.786906 0.006253 0.036745 -1.000000 0 9
16-03-30T23:33:12.000 -0.400101 -0.113754 10.010620 -2.798834 0.009411 0.042752 -1.000000 0 9
16-03-30T23:33:14.000 -0.384415 -0.043137 10.010620 -2.798834 0.009411 0.042752 -1.000000 0 9
16-03-30T23:33:17.000 -0.384415 -0.043137 10.010620 -2.790014 0.006669 0.038457 -1.000000 0 9
16-03-30T23:33:19.000 -0.411880 -0.094147 9.932175 -2.790014 0.006669 0.038457 -1.000000 0 9
16-03-30T23:33:22.000 -0.411880 -0.094147 9.932175 -2.801374 0.009844 0.044117 -1.000000 0 9
16-03-30T23:33:24.000 -0.376572 -0.091782 9.985519 -2.801374 0.009844 0.044117 -1.000000 0 9
16-03-30T23:33:27.000 -0.376572 -0.091782 9.985519 -2.789170 0.008258 0.037369 -1.000000 0 9
16-03-30T23:33:29.000 -0.400101 -0.074524 10.045929 -2.789170 0.008258 0.037369 -1.000000 0 9
16-03-30T23:33:32.000 -0.400101 -0.074524 10.045929 -2.788641 0.005493 0.038065 -1.000000 0 9
16-03-30T23:33:34.000 -0.353027 -0.062759 10.042007 -2.788641 0.005493 0.038065 -1.000000 0 9
16-03-30T23:33:36.000 -0.356964 -0.101990 10.022385 -2.795898 0.009369 0.041009 -1.000000 0 9
16-03-30T23:33:39.000 -0.356964 -0.101990 10.022385 -2.795898 0.009369 0.041009 -1.000000 0 9
16-03-30T23:33:41.000 -0.400101 -0.074524 10.014542 -2.792938 0.007436 0.039931 -1.000000 0 9
16-03-30T23:33:44.000 -0.400101 -0.074524 10.014542 -2.792938 0.007436 0.039931 -1.000000 0 9
16-03-30T23:33:47.000 -0.400116 -0.105911 9.983170 -2.795049 0.010600 0.040058 -1.000000 0 9
16-03-30T23:33:49.000 -0.400116 -0.105911 9.983170 -2.795049 0.010600 0.040058 -1.000000 0 9
16-03-30T23:33:52.000 -0.407959 -0.086304 10.026306 -2.793078 0.008621 0.039586 -1.000000 0 9
16-03-30T23:33:54.000 -0.407959 -0.086304 10.026306 -2.793078 0.008621 0.039586 -1.000000 0 9
16-03-30T23:33:57.000 -0.439331 -0.070602 10.010620 -2.799281 0.007046 0.043858 -1.000000 0 9
16-03-30T23:33:59.000 -0.400894 -0.092575 10.017685 -2.799281 0.007046 0.043858 -1.000000 0 9
16-03-30T23:34:02.000 -0.400894 -0.092575 10.017685 -2.787574 0.007859 0.036555 -1.000000 0 9
16-03-30T23:34:04.000 -0.384415 -0.129440 9.975327 -2.787574 0.007859 0.036555 -1.000000 0 9
16-03-30T23:34:07.000 -0.411880 -0.090210 10.022385 -2.791276 0.010024 0.037994 -1.000000 0 9
16-03-30T23:34:09.000 -0.411880 -0.090210 10.022385 -2.791276 0.010024 0.037994 -1.000000 0 9
16-03-30T23:34:12.000 -0.403244 -0.075317 10.002777 -2.790796 0.008773 0.038159 -1.000000 0 9
16-03-30T23:34:14.000 -0.396179 -0.082367 10.053772 -2.790796 0.008773 0.038159 -1.000000 0 9
16-03-30T23:34:17.000 -0.386765 -0.110611 9.958847 -2.795469 0.010567 0.040322 -1.000000 0 9
16-03-30T23:34:19.000 -0.386765 -0.110611 9.958847 -2.795469 0.010567 0.040322 -1.000000 0 9
16-03-30T23:34:22.000 -0.388336 -0.070602 10.034164 -2.790609 0.007031 0.038682 -1.000000 0 9
16-03-30T23:34:25.000 -0.397751 -0.093353 9.981598 -2.790609 0.007031 0.038682 -1.000000 0 9
16-03-30T23:34:27.000 -0.397751 -0.093353 9.981598 -2.793843 0.008633 0.040040 -1.000000 0 9
16-03-30T23:34:30.000 -0.400116 -0.019608 10.065536 -2.793843 0.008633 0.040040 -1.000000 0 9
16-03-30T23:34:32.000 -0.407944 -0.080811 10.008270 -2.796209 0.010579 0.040762 -1.000000 0 9
16-03-30T23:34:35.000 -0.407944 -0.080811 10.008270 -2.796209 0.010579 0.040762 -1.000000 0 9
16-03-30T23:34:37.000 -0.404037 -0.117676 9.971390 -2.791450 0.011359 0.037614 -1.000000 0 9
16-03-30T23:34:40.000 -0.368729 -0.074524 9.991013 -2.791450 0.011359 0.037614 -1.000000 0 9
16-03-30T23:34:42.000 -0.404816 -0.079239 10.022385 -2.787213 0.006282 0.036918 -1.000000 0 9
16-03-30T23:34:45.000 -0.404816 -0.079239 10.022385 -2.787213 0.006282 0.036918 -1.000000 0 9
16-03-30T23:34:47.000 -0.388336 -0.082367 10.010620 -2.794088 0.009390 0.039915 -1.000000 0 9
16-03-30T23:34:50.000 -0.388336 -0.082367 10.010620 -2.794088 0.009390 0.039915 -1.000000 0 9
16-03-30T23:34:52.000 -0.392258 -0.062759 10.006699 -2.795864 0.008274 0.041380 -1.000000 0 9
16-03-30T23:34:55.000 -0.385986 -0.101196 9.972961 -2.795864 0.008274 0.041380 -1.000000 0 9
16-03-30T23:34:57.000 -0.385986 -0.101196 9.972961 -2.789795 0.008617 0.037614 -1.000000 0 9
16-03-30T23:35:00.000 -0.341263 -0.070602 10.006699 -2.789795 0.008617 0.037614 -1.000000 0 9
16-03-30T23:35:02.000 -0.387558 -0.080795 10.001205 -2.796520 0.008639 0.041643 -1.000000 0 9
16-03-30T23:35:05.000 -0.387558 -0.080795 10.001205 -2.796520 0.008639 0.041643 -1.000000 0 9
16-03-30T23:35:07.000 -0.400101 -0.082382 9.920410 -2.794089 0.008297 0.040309 -1.000000 0 9
16-03-30T23:35:10.000 -0.415009 -0.079224 9.997284 -2.794089 0.008297 0.040309 -1.000000 0 9
16-03-30T23:35:12.000 -0.415009 -0.079224 9.997284 -2.783932 0.008616 0.034077 -1.000000 0 9
16-03-30T23:35:15.000 -0.388336 -0.074524 9.987091 -2.783932 0.008616 0.034077 -1.000000 0 9
16-03-30T23:35:17.000 -0.419724 -0.058838 9.951782 -2.795732 0.005907 0.042151 -1.000000 0 9
16-03-30T23:35:20.000 -0.398544 -0.089432 10.019257 -2.795732 0.005907 0.042151 -1.000000 0 9
16-03-30T23:35:22.000 -0.398544 -0.089432 10.019257 -2.793611 0.012099 0.038652 -1.000000 0 9
16-03-30T23:35:25.000 -0.396973 -0.091003 10.020035 -2.793611 0.012099 0.038652 -1.000000 0 9
16-03-30T23:35:27.000 -0.396973 -0.091003 10.020035 -2.793146 0.008990 0.039493 -1.000000 0 9
16-03-30T23:35:30.000 -0.407959 -0.086288 9.991013 -2.793146 0.008990 0.039493 -1.000000 0 9
16-03-30T23:35:32.000 -0.407944 -0.086288 9.951782 -2.796273 0.009281 0.041265 -1.000000 0 9
16-03-30T23:35:35.000 -0.383636 -0.090210 10.030243 -2.796273 0.009281 0.041265 -1.000000 0 9
16-03-30T23:35:37.000 -0.383636 -0.090210 10.030243 -2.789145 0.008617 0.037223 -1.000000 0 9
16-03-30T23:35:40.000 -0.392258 -0.085510 10.016113 -2.789145 0.008617 0.037223 -1.000000 0 9
16-03-30T23:35:42.000 -0.392258 -0.085510 10.016113 -2.792360 0.010135 0.038607 -1.000000 0 9
16-03-30T23:35:45.000 -0.388336 -0.082367 10.022385 -2.792360 0.010135 0.038607 -1.000000 0 9
16-03-30T23:35:47.000 -0.356949 -0.117676 9.979248 -2.784249 0.009829 0.033818 -1.000000 0 9
16-03-30T23:35:50.000 -0.356949 -0.117676 9.979248 -2.784249 0.009829 0.033818 -1.000000 0 9
16-03-30T23:35:52.000 -0.372650 -0.062759 10.022385 -2.787608 0.006258 0.037165 -1.000000 0 9
16-03-30T23:35:55.000 -0.372650 -0.062759 10.022385 -2.787608 0.006258 0.037165 -1.000000 0 9
16-03-30T23:35:57.000 -0.368729 -0.109833 10.053772 -2.789604 0.010917 0.036659 -1.000000 0 9
16-03-30T23:36:00.000 -0.368729 -0.109833 10.053772 -2.789604 0.010917 0.036659 -1.000000 0 9
16-03-30T23:36:02.000 -0.384415 -0.050995 10.018463 -2.789049 0.009053 0.037005 -1.000000 0 9
16-03-30T23:36:05.000 -0.371078 -0.082367 10.023178 -2.789049 0.009053 0.037005 -1.000000 0 9
16-03-30T23:36:07.000 -0.376572 -0.074524 9.979248 -2.789265 0.007462 0.037718 -1.000000 0 9
16-03-30T23:36:10.000 -0.391480 -0.081589 10.010620 -2.789265 0.007462 0.037718 -1.000000 0 9
16-03-30T23:36:12.000 -0.376572 -0.078445 9.967468 -2.789584 0.007864 0.037762 -1.000000 0 9
16-03-30T23:36:15.000 -0.380493 -0.109833 10.010620 -2.789584 0.007864 0.037762 -1.000000 0 9
16-03-30T23:36:17.000 -0.427567 -0.050995 10.030243 -2.789240 0.007824 0.037570 -1.000000 0 9
16-03-30T23:36:20.000 -0.427567 -0.050995 10.030243 -2.789240 0.007824 0.037570 -1.000000 0 9
16-03-30T23:36:22.000 -0.396179 -0.070602 10.002777 -2.788913 0.006625 0.037813 -1.000000 0 9
16-03-30T23:36:25.000 -0.396179 -0.070602 10.002777 -2.788913 0.006625 0.037813 -1.000000 0 9
16-03-30T23:36:27.000 -0.360886 -0.035294 9.983170 -2.793076 0.008180 0.039744 -1.000000 0 9
16-03-30T23:36:30.000 -0.400101 -0.066681 10.022385 -2.793076 0.008180 0.039744 -1.000000 0 9
16-03-30T23:36:32.000 -0.404037 -0.086288 10.049850 -2.795293 0.010183 0.040353 -1.000000 0 9
16-03-30T23:36:35.000 -0.404037 -0.086288 10.049850 -2.795293 0.010183 0.040353 -1.000000 0 9
16-03-30T23:36:37.000 -0.356949 -0.098068 9.975311 -2.790514 0.007821 0.038337 -1.000000 0 9
16-03-30T23:36:40.000 -0.356949 -0.098068 9.975311 -2.790514 0.007821 0.038337 -1.000000 0 9
16-03-30T23:36:42.000 -0.423645 -0.090210 9.963547 -2.791529 0.008589 0.038667 -1.000000 0 9
16-03-30T23:36:45.000 -0.423645 -0.090210 9.963547 -2.791529 0.008589 0.038667 -1.000000 0 9
16-03-30T23:36:47.000 -0.404022 -0.098068 10.014542 -2.791010 0.008967 0.038217 -1.000000 0 9
16-03-30T23:36:50.000 -0.400116 -0.054916 10.002777 -2.791010 0.008967 0.038217 -1.000000 0 9
16-03-30T23:36:52.000 -0.411865 -0.073746 10.009048 -2.786174 0.006677 0.036148 -1.000000 0 9
16-03-30T23:36:55.000 -0.411865 -0.073746 10.009048 -2.786174 0.006677 0.036148 -1.000000 0 9
16-03-30T23:36:57.000 -0.427567 -0.058838 10.026321 -2.792854 0.007427 0.039884 -1.000000 0 9
16-03-30T23:37:00.000 -0.407944 -0.086288 10.030228 -2.792854 0.007427 0.039884 -1.000000 0 9
16-03-30T23:37:02.000 -0.427567 -0.094131 9.971390 -2.799015 0.009431 0.042853 -1.000000 0 9
16-03-30T23:37:05.000 -0.396194 -0.086288 10.042007 -2.799015 0.009431 0.042853 -1.000000 0 9
16-03-30T23:37:07.000 -0.396194 -0.086288 10.042007 -2.790541 0.007824 0.038352 -1.000000 0 9
16-03-30T23:37:10.000 -0.341263 -0.082382 10.010620 -2.790541 0.007824 0.038352 -1.000000 0 9
16-03-30T23:37:12.000 -0.393051 -0.080795 10.001205 -2.794744 0.009748 0.040180 -1.000000 0 9
16-03-30T23:37:15.000 -0.393051 -0.080795 10.001205 -2.794744 0.009748 0.040180 -1.000000 0 9
16-03-30T23:37:17.000 -0.411880 -0.078445 9.959625 -2.789378 0.011687 0.036241 -1.000000 0 9
16-03-30T23:37:20.000 -0.411880 -0.078445 9.959625 -2.789378 0.011687 0.036241 -1.000000 0 9
16-03-30T23:37:22.000 -0.376572 -0.082382 10.018463 -2.789907 0.006659 0.038397 -1.000000 0 9
16-03-30T23:37:25.000 -0.376572 -0.082382 10.018463 -2.789907 0.006659 0.038397 -1.000000 0 9
16-03-30T23:37:27.000 -0.388336 -0.054916 10.034164 -2.790246 0.009037 0.037732 -1.000000 0 9
16-03-30T23:37:30.000 -0.388336 -0.054916 10.034164 -2.790246 0.009037 0.037732 -1.000000 0 9
16-03-30T23:37:32.000 -0.415802 -0.121597 10.010620 -2.792953 0.008241 0.039648 -1.000000 0 9
16-03-30T23:37:35.000 -0.415802 -0.121597 10.010620 -2.792953 0.008241 0.039648 -1.000000 0 9
16-03-30T23:37:37.000 -0.385193 -0.099625 9.987869 -2.794154 0.009558 0.039894 -1.000000 0 9
16-03-30T23:37:40.000 -0.385193 -0.099625 9.987869 -2.794154 0.009558 0.039894 -1.000000 0 9
16-03-30T23:37:42.000 -0.407959 -0.090225 9.983170 -2.795417 0.009030 0.040842 -1.000000 0 9
16-03-30T23:37:45.000 -0.407959 -0.090225 9.983170 -2.795417 0.009030 0.040842 -1.000000 0 9
16-03-30T23:37:47.000 -0.407944 -0.094131 10.034164 -2.790914 0.008233 0.038427 -1.000000 0 9
16-03-30T23:37:50.000 -0.390686 -0.083939 10.008270 -2.790914 0.008233 0.038427 -1.000000 0 9
16-03-30T23:37:52.000 -0.390686 -0.083939 10.008270 -2.788289 0.008592 0.036716 -1.000000 0 9
16-03-30T23:37:55.000 -0.385986 -0.083160 9.997284 -2.788289 0.008592 0.036716 -1.000000 0 9
16-03-30T23:37:57.000 -0.385986 -0.083160 9.997284 -2.792898 0.011737 0.038352 -1.000000 0 9
16-03-30T23:38:00.000 -0.333420 -0.078461 9.983154 -2.792898 0.011737 0.038352 -1.000000 0 9
16-03-30T23:38:02.000 -0.398529 -0.080795 10.038086 -2.787667 0.009041 0.036176 -1.000000 0 9
16-03-30T23:38:05.000 -0.398529 -0.080795 10.038086 -2.787667 0.009041 0.036176 -1.000000 0 9
16-03-30T23:38:07.000 -0.418930 -0.075302 10.014542 -2.794652 0.008233 0.040670 -1.000000 0 9
16-03-30T23:38:10.000 -0.360886 -0.094147 10.018463 -2.794652 0.008233 0.040670 -1.000000 0 9
16-03-30T23:38:12.000 -0.405594 -0.083160 10.023178 -2.791587 0.005466 0.039837 -1.000000 0 9
16-03-30T23:38:15.000 -0.384415 -0.101990 10.010620 -2.791587 0.005466 0.039837 -1.000000 0 9
16-03-30T23:38:17.000 -0.384415 -0.101990 10.010620 -2.793010 0.009419 0.039256 -1.000000 0 9
16-03-30T23:38:20.000 -0.372650 -0.121597 10.010620 -2.793010 0.009419 0.039256 -1.000000 0 9
16-03-30T23:38:22.000 -0.372650 -0.121597 10.010620 -2.790518 0.010605 0.037325 -1.000000 0 9
16-03-30T23:38:25.000 -0.404037 -0.062759 10.014542 -2.790518 0.010605 0.037325 -1.000000 0 9
16-03-30T23:38:27.000 -0.389130 -0.105118 10.009048 -2.789752 0.009418 0.037296 -1.000000 0 9
16-03-30T23:38:30.000 -0.389130 -0.105118 10.009048 -2.789752 0.009418 0.037296 -1.000000 0 9
16-03-30T23:38:32.000 -0.415802 -0.094147 10.038086 -2.790112 0.009019 0.037658 -1.000000 0 9
16-03-30T23:38:35.000 -0.415802 -0.094147 10.038086 -2.790112 0.009019 0.037658 -1.000000 0 9
16-03-30T23:38:37.000 -0.392258 -0.090225 9.994934 -2.786457 0.005530 0.036742 -1.000000 0 9
16-03-30T23:38:40.000 -0.392258 -0.090225 9.994934 -2.786457 0.005530 0.036742 -1.000000 0 9
16-03-30T23:38:42.000 -0.364807 -0.113754 10.057694 -2.793790 0.008628 0.040011 -1.000000 0 9
16-03-30T23:38:45.000 -0.375778 -0.080017 10.005127 -2.793790 0.008628 0.040011 -1.000000 0 9
16-03-30T23:38:47.000 -0.375778 -0.080017 10.005127 -2.798451 0.009001 0.042669 -1.000000 0 9
16-03-30T23:38:50.000 -0.404037 -0.109833 10.002777 -2.798451 0.009001 0.042669 -1.000000 0 9
16-03-30T23:38:52.000 -0.406387 -0.086288 10.019257 -2.794197 0.008548 0.040283 -1.000000 0 9
16-03-30T23:38:55.000 -0.406387 -0.086288 10.019257 -2.794197 0.008548 0.040283 -1.000000 0 9
16-03-30T23:38:57.000 -0.404037 -0.090225 9.979248 -2.794792 0.009034 0.040466 -1.000000 0 9
16-03-30T23:39:00.000 -0.404037 -0.090225 9.979248 -2.794792 0.009034 0.040466 -1.000000 0 9
16-03-30T23:39:02.000 -0.415802 -0.090210 10.026306 -2.796042 0.009025 0.041218 -1.000000 0 9
16-03-30T23:39:05.000 -0.415787 -0.133362 9.936096 -2.796042 0.009025 0.041218 -1.000000 0 9
16-03-30T23:39:07.000 -0.400894 -0.085510 10.016113 -2.791806 0.005484 0.039962 -1.000000 0 9
16-03-30T23:39:10.000 -0.400894 -0.085510 10.016113 -2.791806 0.005484 0.039962 -1.000000 0 9
16-03-30T23:39:12.000 -0.415802 -0.113754 10.018463 -2.787536 0.009476 0.035937 -1.000000 0 9
16-03-30T23:39:15.000 -0.415802 -0.113754 10.018463 -2.787536 0.009476 0.035937 -1.000000 0 9
16-03-30T23:39:17.000 -0.337341 -0.082367 9.998856 -2.792285 0.007436 0.039540 -1.000000 0 9
16-03-30T23:39:20.000 -0.404022 -0.113754 9.998856 -2.792285 0.007436 0.039540 -1.000000 0 9
16-03-30T23:39:22.000 -0.404022 -0.113754 9.998856 -2.786099 0.008646 0.035375 -1.000000 0 9
16-03-30T23:39:25.000 -0.402466 -0.096497 10.022385 -2.786099 0.008646 0.035375 -1.000000 0 9
16-03-30T23:39:27.000 -0.402466 -0.096497 10.022385 -2.787398 0.002737 0.038337 -1.000000 0 9
16-03-30T23:39:30.000 -0.404022 -0.090210 10.010620 -2.787398 0.002737 0.038337 -1.000000 0 9
16-03-30T23:39:32.000 -0.380493 -0.101990 9.959625 -2.797387 0.011014 0.041315 -1.000000 0 9
16-03-30T23:39:35.000 -0.380493 -0.101990 9.959625 -2.797387 0.011014 0.041315 -1.000000 0 9
16-03-30T23:39:37.000 -0.384415 -0.078445 9.967468 -2.785794 0.003512 0.037092 -1.000000 0 9
16-03-30T23:39:40.000 -0.384415 -0.078445 9.967468 -2.785794 0.003512 0.037092 -1.000000 0 9
16-03-30T23:39:42.000 -0.407959 -0.094131 10.057694 -2.789105 0.007078 0.037762 -1.000000 0 9
16-03-30T23:39:45.000 -0.407959 -0.094131 10.057694 -2.789105 0.007078 0.037762 -1.000000 0 9
16-03-30T23:39:47.000 -0.360870 -0.070602 10.038086 -2.790125 0.008576 0.037828 -1.000000 0 9
16-03-30T23:39:50.000 -0.419724 -0.090210 9.975327 -2.790125 0.008576 0.037828 -1.000000 0 9
16-03-30T23:39:52.000 -0.419724 -0.090210 9.975327 -2.792468 0.009434 0.038925 -1.000000 0 9
16-03-30T23:39:55.000 -0.388336 -0.086288 10.065536 -2.792468 0.009434 0.038925 -1.000000 0 9
16-03-30T23:39:57.000 -0.388336 -0.086288 10.065536 -2.797457 0.010211 0.041643 -1.000000 0 9
16-03-30T23:40:00.000 -0.392258 -0.121597 9.991013 -2.797457 0.010211 0.041643 -1.000000 0 9
16-03-30T23:40:02.000 -0.394608 -0.079224 9.993362 -2.792618 0.007036 0.039884 -1.000000 0 9
16-03-30T23:40:05.000 -0.394608 -0.079224 9.993362 -2.792618 0.007036 0.039884 -1.000000 0 9
16-03-30T23:40:07.000 -0.368729 -0.090225 10.053772 -2.791966 0.007036 0.039493 -1.000000 0 9
16-03-30T23:40:10.000 -0.394608 -0.071381 10.008270 -2.791966 0.007036 0.039493 -1.000000 0 9
16-03-30T23:40:12.000 -0.394608 -0.071381 10.008270 -2.791183 0.009797 0.038020 -1.000000 0 9
16-03-30T23:40:15.000 -0.376572 -0.109833 10.045929 -2.791183 0.009797 0.038020 -1.000000 0 9
16-03-30T23:40:17.000 -0.376572 -0.109833 10.045929 -2.797327 0.008582 0.042146 -1.000000 0 9
16-03-30T23:40:20.000 -0.385193 -0.095703 9.989441 -2.797327 0.008582 0.042146 -1.000000 0 9
16-03-30T23:40:22.000 -0.385193 -0.095703 9.989441 -2.791230 0.010161 0.037916 -1.000000 0 9
16-03-30T23:40:25.000 -0.404037 -0.109833 9.994934 -2.791230 0.010161 0.037916 -1.000000 0 9
16-03-30T23:40:27.000 -0.388336 -0.086304 9.983170 -2.792469 0.010605 0.038502 -1.000000 0 9
16-03-30T23:40:30.000 -0.371078 -0.090210 10.037292 -2.792469 0.010605 0.038502 -1.000000 0 9
16-03-30T23:40:32.000 -0.404022 -0.090210 9.998856 -2.800498 0.012517 0.042652 -1.000000 0 9
16-03-30T23:40:35.000 -0.404022 -0.090210 9.998856 -2.800498 0.012517 0.042652 -1.000000 0 9
16-03-30T23:40:37.000 -0.393051 -0.083939 10.017685 -2.793201 0.007513 0.040061 -1.000000 0 9
16-03-30T23:40:40.000 -0.393051 -0.083939 10.017685 -2.793201 0.007513 0.040061 -1.000000 0 9
16-03-30T23:40:42.000 -0.400116 -0.090225 10.010620 -2.794720 0.009746 0.040166 -1.000000 0 9
16-03-30T23:40:45.000 -0.392258 -0.094147 9.994934 -2.794720 0.009746 0.040166 -1.000000 0 9
16-03-30T23:40:47.000 -0.390686 -0.090210 10.002777 -2.794578 0.009815 0.040056 -1.000000 0 9
16-03-30T23:40:50.000 -0.407166 -0.101196 9.983170 -2.794578 0.009815 0.040056 -1.000000 0 9
16-03-30T23:40:52.000 -0.404037 -0.082367 10.026321 -2.795728 0.010604 0.040464 -1.000000 0 9
16-03-30T23:40:55.000 -0.458939 -0.094147 9.991013 -2.795728 0.010604 0.040464 -1.000000 0 9
16-03-30T23:40:57.000 -0.458939 -0.094147 9.991013 -2.794929 0.007438 0.041121 -1.000000 0 9
16-03-30T23:41:00.000 -0.380493 -0.087860 10.007477 -2.794929 0.007438 0.041121 -1.000000 0 9
16-03-30T23:41:02.000 -0.380493 -0.087860 10.007477 -2.794246 0.010128 0.039744 -1.000000 0 9
16-03-30T23:41:05.000 -0.422852 -0.072174 10.005127 -2.794246 0.010128 0.039744 -1.000000 0 9
16-03-30T23:41:07.000 -0.422852 -0.072174 10.005127 -2.785175 0.005476 0.035992 -1.000000 0 9
16-03-30T23:41:10.000 -0.388336 -0.101990 10.030228 -2.785175 0.005476 0.035992 -1.000000 0 9
16-03-30T23:41:12.000 -0.388336 -0.101990 10.030228 -2.797092 0.010970 0.041153 -1.000000 0 9
16-03-30T23:41:15.000 -0.423645 -0.078445 10.018463 -2.797092 0.010970 0.041153 -1.000000 0 9
16-03-30T23:41:17.000 -0.423645 -0.078445 10.018463 -2.799135 0.009004 0.043076 -1.000000 0 9
16-03-30T23:41:20.000 -0.360886 -0.086288 9.991013 -2.799135 0.009004 0.043076 -1.000000 0 9
16-03-30T23:41:22.000 -0.360886 -0.086288 9.991013 -2.791266 0.003524 0.040353 -1.000000 0 9
16-03-30T23:41:25.000 -0.389130 -0.097275 9.996506 -2.791266 0.003524 0.040353 -1.000000 0 9
16-03-30T23:41:27.000 -0.389130 -0.097275 9.996506 -2.801696 0.008194 0.044891 -1.000000 0 9
16-03-30T23:41:30.000 -0.397751 -0.095703 10.008270 -2.801696 0.008194 0.044891 -1.000000 0 9
16-03-30T23:41:32.000 -0.385193 -0.084732 10.006699 -2.790383 0.008699 0.037938 -1.000000 0 9
16-03-30T23:41:35.000 -0.385193 -0.084732 10.006699 -2.790383 0.008699 0.037938 -1.000000 0 9
16-03-30T23:41:37.000 -0.392258 -0.074524 10.014542 -2.791633 0.007436 0.039149 -1.000000 0 9
16-03-30T23:41:40.000 -0.396179 -0.061966 10.007477 -2.791633 0.007436 0.039149 -1.000000 0 9
16-03-30T23:41:42.000 -0.396179 -0.061966 10.007477 -2.794313 0.012108 0.039072 -1.000000 0 9
16-03-30T23:41:45.000 -0.364807 -0.086288 9.998856 -2.794313 0.012108 0.039072 -1.000000 0 9
16-03-30T23:41:47.000 -0.397751 -0.096497 10.026306 -2.794723 0.009684 0.040191 -1.000000 0 9
16-03-30T23:41:50.000 -0.397751 -0.096497 10.026306 -2.794723 0.009684 0.040191 -1.000000 0 9
16-03-30T23:41:52.000 -0.404037 -0.062759 9.983170 -2.795953 0.009016 0.041168 -1.000000 0 9
16-03-30T23:41:55.000 -0.404022 -0.078445 10.014542 -2.795953 0.009016 0.041168 -1.000000 0 9
16-03-30T23:41:57.000 -0.406387 -0.082367 10.020813 -2.789171 0.008620 0.037237 -1.000000 0 9
16-03-30T23:42:00.000 -0.407959 -0.109833 9.983170 -2.789171 0.008620 0.037237 -1.000000 0 9
16-03-30T23:42:02.000 -0.407959 -0.109833 9.983170 -2.796815 0.005888 0.042803 -1.000000 0 9
16-03-30T23:42:05.000 -0.411880 -0.078445 10.006699 -2.796815 0.005888 0.042803 -1.000000 0 9
16-03-30T23:42:07.000 -0.400101 -0.086288 10.022385 -2.795231 0.009815 0.040448 -1.000000 0 9
16-03-30T23:42:10.000 -0.394608 -0.087082 10.007477 -2.795231 0.009815 0.040448 -1.000000 0 9
16-03-30T23:42:12.000 -0.380493 -0.090210 10.057694 -2.790335 0.008963 0.037813 -1.000000 0 9
16-03-30T23:42:15.000 -0.380493 -0.090210 10.057694 -2.790335 0.008963 0.037813 -1.000000 0 9
16-03-30T23:42:17.000 -0.400116 -0.078445 9.983170 -2.798584 0.010187 0.042327 -1.000000 0 9
16-03-30T23:42:20.000 -0.400116 -0.078445 9.983170 -2.798584 0.010187 0.042327 -1.000000 0 9
16-03-30T23:42:22.000 -0.380493 -0.101990 9.951782 -2.797430 0.009844 0.041757 -1.000000 0 9
16-03-30T23:42:25.000 -0.380493 -0.101990 9.951782 -2.797430 0.009844 0.041757 -1.000000 0 9
16-03-30T23:42:27.000 -0.384415 -0.074524 9.975327 -2.799408 0.010570 0.042685 -1.000000 0 9
16-03-30T23:42:30.000 -0.393051 -0.096497 10.014542 -2.799408 0.010570 0.042685 -1.000000 0 9
16-03-30T23:42:32.000 -0.393051 -0.096497 10.014542 -2.796020 0.011005 0.040496 -1.000000 0 9
16-03-30T23:42:35.000 -0.404037 -0.113754 9.963547 -2.796020 0.011005 0.040496 -1.000000 0 9
16-03-30T23:42:37.000 -0.388336 -0.097275 10.021606 -2.792382 0.008251 0.039303 -1.000000 0 9
16-03-30T23:42:40.000 -0.388336 -0.097275 10.021606 -2.792382 0.008251 0.039303 -1.000000 0 9
16-03-30T23:42:42.000 -0.397751 -0.094131 10.019257 -2.790853 0.008474 0.038303 -1.000000 0 9
16-03-30T23:42:45.000 -0.397751 -0.094131 10.019257 -2.790853 0.008474 0.038303 -1.000000 0 9
16-03-30T23:42:47.000 -0.372650 -0.062759 10.042007 -2.787480 0.006245 0.037092 -1.000000 0 9
16-03-30T23:42:50.000 -0.372650 -0.062759 10.042007 -2.787480 0.006245 0.037092 -1.000000 0 9
16-03-30T23:42:52.000 -0.415787 -0.098068 10.014542 -2.787254 0.009435 0.035782 -1.000000 0 9
16-03-30T23:42:55.000 -0.392258 -0.068253 10.014542 -2.787254 0.009435 0.035782 -1.000000 0 9
16-03-30T23:42:57.000 -0.392258 -0.068253 10.014542 -2.790690 0.007039 0.038727 -1.000000 0 9
16-03-30T23:43:00.000 -0.400101 -0.058838 10.030243 -2.790690 0.007039 0.038727 -1.000000 0 9
16-03-30T23:43:02.000 -0.400101 -0.058838 10.030243 -2.794459 0.010967 0.039571 -1.000000 0 9
16-03-30T23:43:05.000 -0.423645 -0.058838 10.045929 -2.794459 0.010967 0.039571 -1.000000 0 9
16-03-30T23:43:07.000 -0.423645 -0.058838 10.045929 -2.790738 0.010539 0.037482 -1.000000 0 9
16-03-30T23:43:10.000 -0.384415 -0.086288 10.018463 -2.790738 0.010539 0.037482 -1.000000 0 9
16-03-30T23:43:12.000 -0.384415 -0.058838 10.045929 -2.789165 0.005853 0.038247 -1.000000 0 9
16-03-30T23:43:15.000 -0.407166 -0.101196 10.026306 -2.789165 0.005853 0.038247 -1.000000 0 9
16-03-30T23:43:17.000 -0.356964 -0.047073 10.018463 -2.784064 0.004696 0.035616 -1.000000 0 9
16-03-30T23:43:20.000 -0.416580 -0.081589 10.009048 -2.784064 0.004696 0.035616 -1.000000 0 9
16-03-30T23:43:22.000 -0.416580 -0.081589 10.009048 -2.789981 0.008640 0.037718 -1.000000 0 9
16-03-30T23:43:25.000 -0.396179 -0.101990 9.998856 -2.789981 0.008640 0.037718 -1.000000 0 9
16-03-30T23:43:27.000 -0.396179 -0.101990 9.998856 -2.792042 0.010184 0.038397 -1.000000 0 9
16-03-30T23:43:30.000 -0.439331 -0.078445 10.014557 -2.792042 0.010184 0.038397 -1.000000 0 9
16-03-30T23:43:32.000 -0.384415 -0.101990 10.038086 -2.789922 0.005862 0.038697 -1.000000 0 9
16-03-30T23:43:35.000 -0.384415 -0.101990 10.038086 -2.789922 0.005862 0.038697 -1.000000 0 9
16-03-30T23:43:37.000 -0.405594 -0.083939 10.011398 -2.797027 0.008320 0.042060 -1.000000 0 9
16-03-30T23:43:40.000 -0.407959 -0.098068 9.994934 -2.797027 0.008320 0.042060 -1.000000 0 9
16-03-30T23:43:42.000 -0.407959 -0.098068 9.994934 -2.798292 0.009787 0.042294 -1.000000 0 9
16-03-30T23:43:45.000 -0.372650 -0.094147 10.006699 -2.798292 0.009787 0.042294 -1.000000 0 9
16-03-30T23:43:47.000 -0.400101 -0.121597 10.073380 -2.795322 0.012061 0.039698 -1.000000 0 9
16-03-30T23:43:50.000 -0.381271 -0.089432 9.994934 -2.795322 0.012061 0.039698 -1.000000 0 9
16-03-30T23:43:52.000 -0.381271 -0.089432 9.994934 -2.799850 0.009011 0.043501 -1.000000 0 9
16-03-30T23:43:55.000 -0.356964 -0.117676 9.940018 -2.799850 0.009011 0.043501 -1.000000 0 9
16-03-30T23:43:57.000 -0.443253 -0.105911 9.975327 -2.795012 0.007447 0.041168 -1.000000 0 9
16-03-30T23:44:00.000 -0.411880 -0.076874 10.001205 -2.795012 0.007447 0.041168 -1.000000 0 9
16-03-30T23:44:02.000 -0.404022 -0.094925 9.977676 -2.793063 0.010361 0.038948 -1.000000 0 9
16-03-30T23:44:05.000 -0.427567 -0.094131 10.006699 -2.793063 0.010361 0.038948 -1.000000 0 9
16-03-30T23:44:07.000 -0.407959 -0.129440 9.975311 -2.797808 0.012965 0.040874 -1.000000 0 9
16-03-30T23:44:10.000 -0.396179 -0.087860 10.027878 -2.797808 0.012965 0.040874 -1.000000 0 9
16-03-30T23:44:12.000 -0.396179 -0.087860 10.027878 -2.790262 0.011377 0.036889 -1.000000 0 9
16-03-30T23:44:15.000 -0.423645 -0.082367 9.983170 -2.790262 0.011377 0.036889 -1.000000 0 9
16-03-30T23:44:17.000 -0.423645 -0.082367 9.983170 -2.790294 0.006264 0.038773 -1.000000 0 9
16-03-30T23:44:20.000 -0.443253 -0.125519 9.987091 -2.790294 0.006264 0.038773 -1.000000 0 9
16-03-30T23:44:22.000 -0.390686 -0.067459 10.005127 -2.793009 0.010588 0.038834 -1.000000 0 9
16-03-30T23:44:25.000 -0.415802 -0.117676 10.042007 -2.793009 0.010588 0.038834 -1.000000 0 9
16-03-30T23:44:27.000 -0.400101 -0.104340 10.002777 -2.797079 0.012136 0.040730 -1.000000 0 9
16-03-30T23:44:30.000 -0.400101 -0.104340 10.002777 -2.797079 0.012136 0.040730 -1.000000 0 9
16-03-30T23:44:32.000 -0.411880 -0.113754 9.975311 -2.792926 0.010576 0.038788 -1.000000 0 9
16-03-30T23:44:35.000 -0.400101 -0.039215 10.038086 -2.792926 0.010576 0.038788 -1.000000 0 9
16-03-30T23:44:37.000 -0.400101 -0.087082 10.029449 -2.789853 0.007020 0.038232 -1.000000 0 9
16-03-30T23:44:40.000 -0.400101 -0.087082 10.029449 -2.789853 0.007020 0.038232 -1.000000 0 9
16-03-30T23:44:42.000 -0.388336 -0.062759 10.006699 -2.797708 0.008991 0.042228 -1.000000 0 9
16-03-30T23:44:45.000 -0.388336 -0.062759 10.006699 -2.797708 0.008991 0.042228 -1.000000 0 9
16-03-30T23:44:47.000 -0.372650 -0.090210 10.002777 -2.786044 0.004697 0.036803 -1.000000 0 9
16-03-30T23:44:50.000 -0.372650 -0.090210 10.002777 -2.786044 0.004697 0.036803 -1.000000 0 9
16-03-30T23:44:52.000 -0.378922 -0.079239 10.028671 -2.791215 0.008876 0.038374 -1.000000 0 9
16-03-30T23:44:55.000 -0.378922 -0.079239 10.028671 -2.791215 0.008876 0.038374 -1.000000 0 9
16-03-30T23:44:57.000 -0.380493 -0.086288 10.030243 -2.797194 0.012155 0.040792 -1.000000 0 9
16-03-30T23:45:00.000 -0.380493 -0.086288 10.030243 -2.797194 0.012155 0.040792 -1.000000 0 9
16-03-30T23:45:02.000 -0.393051 -0.092575 10.015335 -2.791247 0.008198 0.038640 -1.000000 0 9
16-03-30T23:45:05.000 -0.368729 -0.090210 10.049850 -2.791247 0.008198 0.038640 -1.000000 0 9
16-03-30T23:45:07.000 -0.368729 -0.090210 10.049850 -2.791461 0.009386 0.038337 -1.000000 0 9
16-03-30T23:45:10.000 -0.360870 -0.086288 9.987091 -2.791461 0.009386 0.038337 -1.000000 0 9
16-03-30T23:45:12.000 -0.360870 -0.086288 9.987091 -2.793563 0.007432 0.040306 -1.000000 0 9
16-03-30T23:45:15.000 -0.402466 -0.072952 10.005920 -2.793563 0.007432 0.040306 -1.000000 0 9
16-03-30T23:45:17.000 -0.389908 -0.058838 10.029449 -2.789513 0.007467 0.037865 -1.000000 0 9
16-03-30T23:45:20.000 -0.389908 -0.058838 10.029449 -2.789513 0.007467 0.037865 -1.000000 0 9
16-03-30T23:45:22.000 -0.419724 -0.074524 10.053772 -2.795050 0.009345 0.040508 -1.000000 0 9
16-03-30T23:45:25.000 -0.419724 -0.074524 10.053772 -2.795050 0.009345 0.040508 -1.000000 0 9
16-03-30T23:45:27.000 -0.414230 -0.081589 10.015335 -2.797163 0.006723 0.042711 -1.000000 0 9
16-03-30T23:45:30.000 -0.389908 -0.104340 10.027878 -2.797163 0.006723 0.042711 -1.000000 0 9
16-03-30T23:45:32.000 -0.405594 -0.087082 10.019257 -2.793687 0.010592 0.039241 -1.000000 0 9
16-03-30T23:45:35.000 -0.405594 -0.087082 10.019257 -2.793687 0.010592 0.039241 -1.000000 0 9
16-03-30T23:45:37.000 -0.400101 -0.078445 10.014542 -2.786360 0.008232 0.035685 -1.000000 0 9
16-03-30T23:45:40.000 -0.392258 -0.086288 10.006699 -2.786360 0.008232 0.035685 -1.000000 0 9
16-03-30T23:45:42.000 -0.398529 -0.094925 9.991013 -2.790312 0.009859 0.037472 -1.000000 0 9
16-03-30T23:45:45.000 -0.384415 -0.023529 10.253830 -2.790312 0.009859 0.037472 -1.000000 0 9
16-03-30T23:45:47.000 -0.396973 -0.098068 9.991791 -2.792732 0.009383 0.039103 -1.000000 0 9
16-03-30T23:45:50.000 -0.396973 -0.098068 9.991791 -2.792732 0.009383 0.039103 -1.000000 0 9
16-03-30T23:45:52.000 -0.404022 -0.074524 10.022385 -2.789932 0.007028 0.038277 -1.000000 0 9
16-03-30T23:45:55.000 -0.427567 -0.074524 10.022385 -2.789932 0.007028 0.038277 -1.000000 0 9
16-03-30T23:45:57.000 -0.353027 -0.066681 10.002777 -2.794468 0.005859 0.041415 -1.000000 0 9
16-03-30T23:46:00.000 -0.353027 -0.066681 10.002777 -2.794468 0.005859 0.041415 -1.000000 0 9
16-03-30T23:46:02.000 -0.384415 -0.113754 9.987091 -2.793534 0.008596 0.039868 -1.000000 0 9
16-03-30T23:46:05.000 -0.394608 -0.094925 10.005127 -2.793534 0.008596 0.039868 -1.000000 0 9
16-03-30T23:46:07.000 -0.368729 -0.090225 10.002777 -2.792716 0.007848 0.039648 -1.000000 0 9
16-03-30T23:46:10.000 -0.368729 -0.090225 10.002777 -2.792716 0.007848 0.039648 -1.000000 0 9
16-03-30T23:46:12.000 -0.398529 -0.094925 10.027100 -2.790469 0.008982 0.037887 -1.000000 0 9
16-03-30T23:46:15.000 -0.398529 -0.094925 10.027100 -2.790469 0.008982 0.037887 -1.000000 0 9
16-03-30T23:46:17.000 -0.411880 -0.070602 10.006699 -2.796980 0.007446 0.042344 -1.000000 0 9
16-03-30T23:46:20.000 -0.411880 -0.070602 10.006699 -2.796980 0.007446 0.042344 -1.000000 0 9
16-03-30T23:46:22.000 -0.396194 -0.125519 10.002777 -2.794510 0.012142 0.039179 -1.000000 0 9
16-03-30T23:46:25.000 -0.396194 -0.125519 10.002777 -2.794510 0.012142 0.039179 -1.000000 0 9
16-03-30T23:46:27.000 -0.360886 -0.090210 10.002777 -2.791878 0.010160 0.038307 -1.000000 0 9
16-03-30T23:46:30.000 -0.360886 -0.090210 10.002777 -2.791878 0.010160 0.038307 -1.000000 0 9
16-03-30T23:46:32.000 -0.415802 -0.105911 9.998856 -2.801615 0.012590 0.043297 -1.000000 0 9
16-03-30T23:46:35.000 -0.415802 -0.105911 9.998856 -2.801615 0.012590 0.043297 -1.000000 0 9
16-03-30T23:46:37.000 -0.380493 -0.094147 10.030243 -2.790797 0.010193 0.037644 -1.000000 0 9
16-03-30T23:46:40.000 -0.380493 -0.094147 10.030243 -2.790797 0.010193 0.037644 -1.000000 0 9
16-03-30T23:46:42.000 -0.400101 -0.094147 9.979248 -2.787960 0.007463 0.036933 -1.000000 0 9
16-03-30T23:46:45.000 -0.400101 -0.094147 9.979248 -2.787960 0.007463 0.036933 -1.000000 0 9
16-03-30T23:46:47.000 -0.411880 -0.082367 9.959625 -2.795775 0.008263 0.041331 -1.000000 0 9
16-03-30T23:46:50.000 -0.411880 -0.082367 9.959625 -2.795775 0.008263 0.041331 -1.000000 0 9
16-03-30T23:46:52.000 -0.364807 -0.078445 10.053772 -2.787063 0.007797 0.036270 -1.000000 0 9
16-03-30T23:46:55.000 -0.422073 -0.078445 10.001205 -2.787063 0.007797 0.036270 -1.000000 0 9
16-03-30T23:46:57.000 -0.422073 -0.078445 10.001205 -2.793644 0.009777 0.039509 -1.000000 0 9
16-03-30T23:47:00.000 -0.400101 -0.086288 10.014542 -2.793644 0.009777 0.039509 -1.000000 0 9
16-03-30T23:47:02.000 -0.396179 -0.090210 9.991013 -2.793397 0.009022 0.039633 -1.000000 0 9
16-03-30T23:47:05.000 -0.402451 -0.086288 10.010620 -2.793397 0.009022 0.039633 -1.000000 0 9
16-03-30T23:47:07.000 -0.402451 -0.086288 10.010620 -2.793464 0.010559 0.039118 -1.000000 0 9
16-03-30T23:47:10.000 -0.372650 -0.098053 10.026321 -2.793464 0.010559 0.039118 -1.000000 0 9
16-03-30T23:47:12.000 -0.372650 -0.098053 10.026321 -2.795733 0.010962 0.040339 -1.000000 0 9
16-03-30T23:47:15.000 -0.372650 -0.094147 10.022385 -2.795733 0.010962 0.040339 -1.000000 0 9
16-03-30T23:47:17.000 -0.372650 -0.094147 10.022385 -2.794693 0.007047 0.041121 -1.000000 0 9
16-03-30T23:47:20.000 -0.384415 -0.121597 9.979248 -2.794693 0.007047 0.041121 -1.000000 0 9
16-03-30T23:47:22.000 -0.384415 -0.121597 9.979248 -2.792939 0.006267 0.040355 -1.000000 0 9
16-03-30T23:47:25.000 -0.396179 -0.074524 10.022385 -2.792939 0.006267 0.040355 -1.000000 0 9
16-03-30T23:47:27.000 -0.396179 -0.074524 10.022385 -2.796010 0.012175 0.040072 -1.000000 0 9
16-03-30T23:47:30.000 -0.383636 -0.082367 10.024750 -2.796010 0.012175 0.040072 -1.000000 0 9
16-03-30T23:47:32.000 -0.372650 -0.094131 10.038071 -2.789410 0.009371 0.037107 -1.000000 0 9
16-03-30T23:47:35.000 -0.380493 -0.086288 9.976883 -2.789410 0.009371 0.037107 -1.000000 0 9
16-03-30T23:47:37.000 -0.409515 -0.082367 9.984726 -2.793932 0.009209 0.039886 -1.000000 0 9
16-03-30T23:47:40.000 -0.409515 -0.082367 9.984726 -2.793932 0.009209 0.039886 -1.000000 0 9
16-03-30T23:47:42.000 -0.415802 -0.101990 10.010620 -2.797220 0.010179 0.041512 -1.000000 0 9
16-03-30T23:47:45.000 -0.413437 -0.095703 9.983154 -2.797220 0.010179 0.041512 -1.000000 0 9
16-03-30T23:47:47.000 -0.413437 -0.095703 9.983154 -2.794768 0.007857 0.040874 -1.000000 0 9
16-03-30T23:47:50.000 -0.404037 -0.105911 9.975311 -2.794768 0.007857 0.040874 -1.000000 0 9
16-03-30T23:47:52.000 -0.404037 -0.105911 9.975311 -2.794743 0.011010 0.039726 -1.000000 0 9
16-03-30T23:47:55.000 -0.368729 -0.098068 9.994934 -2.794743 0.011010 0.039726 -1.000000 0 9
16-03-30T23:47:57.000 -0.368729 -0.082382 9.971390 -2.788492 0.008256 0.036962 -1.000000 0 9
16-03-30T23:48:00.000 -0.397751 -0.098846 10.025528 -2.788492 0.008256 0.036962 -1.000000 0 9
16-03-30T23:48:02.000 -0.397751 -0.098846 10.025528 -2.799469 0.010578 0.042719 -1.000000 0 9
16-03-30T23:48:05.000 -0.388336 -0.105911 9.943939 -2.799469 0.010578 0.042719 -1.000000 0 9
16-03-30T23:48:07.000 -0.388336 -0.105911 9.943939 -2.794141 0.010563 0.039524 -1.000000 0 9
16-03-30T23:48:10.000 -0.415802 -0.117676 9.936096 -2.794141 0.010563 0.039524 -1.000000 0 9
16-03-30T23:48:12.000 -0.415802 -0.117676 9.936096 -2.791894 0.013302 0.037179 -1.000000 0 9
16-03-30T23:48:15.000 -0.398529 -0.086288 9.994141 -2.791894 0.013302 0.037179 -1.000000 0 9
16-03-30T23:48:17.000 -0.398529 -0.086288 9.994141 -2.790223 0.007424 0.038307 -1.000000 0 9
16-03-30T23:48:20.000 -0.388336 -0.101990 9.975311 -2.790223 0.007424 0.038307 -1.000000 0 9
16-03-30T23:48:22.000 -0.388336 -0.101990 9.975311 -2.801511 0.010226 0.044065 -1.000000 0 9
16-03-30T23:48:25.000 -0.407944 -0.121597 10.049850 -2.801511 0.010226 0.044065 -1.000000 0 9
16-03-30T23:48:27.000 -0.407944 -0.078445 9.994934 -2.801361 0.009399 0.044267 -1.000000 0 9
16-03-30T23:48:30.000 -0.380493 -0.094925 9.997284 -2.801361 0.009399 0.044267 -1.000000 0 9
16-03-30T23:48:32.000 -0.380493 -0.094925 9.997284 -2.797862 0.010988 0.041610 -1.000000 0 9
16-03-30T23:48:35.000 -0.388336 -0.074524 9.991013 -2.797862 0.010988 0.041610 -1.000000 0 9
16-03-30T23:48:37.000 -0.388336 -0.074524 9.991013 -2.791884 0.008633 0.038864 -1.000000 0 9
16-03-30T23:48:40.000 -0.439331 -0.098053 9.932175 -2.791884 0.008633 0.038864 -1.000000 0 9
16-03-30T23:48:42.000 -0.439331 -0.098053 9.932175 -2.789341 0.009812 0.036904 -1.000000 0 9
16-03-30T23:48:45.000 -0.404022 -0.094147 9.987091 -2.789341 0.009812 0.036904 -1.000000 0 9
16-03-30T23:48:47.000 -0.404022 -0.094147 9.987091 -2.791880 0.003141 0.040858 -1.000000 0 9
16-03-30T23:48:50.000 -0.388336 -0.090210 9.955704 -2.791880 0.003141 0.040858 -1.000000 0 9
16-03-30T23:48:52.000 -0.388336 -0.090210 9.955704 -2.793774 0.006653 0.040714 -1.000000 0 9
16-03-30T23:48:55.000 -0.407944 -0.054916 9.991013 -2.793774 0.006653 0.040714 -1.000000 0 9
16-03-30T23:48:57.000 -0.423645 -0.094147 9.983170 -2.798270 0.009422 0.042410 -1.000000 0 9
16-03-30T23:49:00.000 -0.415009 -0.081589 9.992584 -2.798270 0.009422 0.042410 -1.000000 0 9
16-03-30T23:49:02.000 -0.415802 -0.082367 9.971405 -2.796344 0.008253 0.041675 -1.000000 0 9
16-03-30T23:49:05.000 -0.396179 -0.082367 10.026321 -2.796344 0.008253 0.041675 -1.000000 0 9
16-03-30T23:49:07.000 -0.396179 -0.082367 10.026321 -2.797031 0.011318 0.040993 -1.000000 0 9
16-03-30T23:49:10.000 -0.376572 -0.098053 10.010620 -2.797031 0.011318 0.040993 -1.000000 0 9
16-03-30T23:49:12.000 -0.353027 -0.086288 10.014542 -2.794110 0.007857 0.040480 -1.000000 0 9
16-03-30T23:49:15.000 -0.433060 -0.093353 9.989441 -2.794110 0.007857 0.040480 -1.000000 0 9
16-03-30T23:49:17.000 -0.433060 -0.093353 9.989441 -2.793022 0.007444 0.039978 -1.000000 0 9
16-03-30T23:49:20.000 -0.396179 -0.050995 9.943939 -2.793022 0.007444 0.039978 -1.000000 0 9
16-03-30T23:49:22.000 -0.407944 -0.109833 10.026321 -2.797353 0.008947 0.042031 -1.000000 0 9
16-03-30T23:49:25.000 -0.404022 -0.078445 10.007492 -2.797353 0.008947 0.042031 -1.000000 0 9
16-03-30T23:49:27.000 -0.404022 -0.078445 10.007492 -2.794447 0.008990 0.040274 -1.000000 0 9
